3987
1219
7701
3860
1344
3863
7430
184
2827
7058
7643
2765
5598
592
7838
6770
6776
4234
981
2153
498
968
3778
4953
583
5630
1828
1782
6297
1502
115
6147
5376
7544
2553
7085
894
1238
4332
2400
3247
2227
501
6903
6549
3655
4996
1622
4797
95
6652
1495
3712
7868
6593
4220
6314
5292
2910
6753
1497
2066
4567
7700
1098
1510
7372
6616
7418
7504
5147
6226
7196
3282
2243
1399
4988
1073
2026
789
4721
4064
3323
540
6229
4709
5754
924
7591
443
7081
5562
2391
1044
2400
2676
936
7202
5914
1194
292
7704
988
7107
4991
4459
7966
779
3909
1117
7024
7114
2602
4261
1698
4734
7423
4441
1543
6035
1684
1768
6309
1867
5247
7853
5315
7242
4158
3368
2115
4632
3950
2663
6981
7177
6050
1523
3714
2382
5649
4524
1215
4682
1901
817
1848
1422
6914
5767
7328
6046
5479
1415
7653
1345
3898
965
1939
2935
7081
1863
7810
1863
1348
5716
6271
4160
1747
6709
1104
5195
7970
6608
1422
5450
3380
6703
1672
2645
953
404
7211
6917
5245
5281
7436
7748
6617
1084
2100
3858
5936
709
901
7934
7645
7393
7459
5218
1678
2219
6037
4481
4175
4370
6177
1299
4087
1206
6227
7776
2845
7447
1628
1966
5881
7043
5908
6801
3721
5632
549
6188
3794
6125
6769
7909
7503
1177
473
946
7117
3078
485
4695
1369
3656
6839
1091
3779
2217
210
2354
6768
5271
1639
179
2296
5024
7346
200
5055
4825
4020
1173
7220
106
2011
1800
3797
712
3600
3527
7764
1814
5954
5762
1293
157
3954
2141
4954
1903
123
5875
7051
4716
1910
65
4984
7661
6275
2552
318
3211
7391
2009
7349
3166
4888
2963
2642
4091
2278
4895
2711
6294
3300
7184
6582
1838
6627
6229
6074
7830
6992
3548
5235
1826
3063
5447
470
3651
1960
2657
6712
4497
3589
3667
266
6577
4714
5579
1446
2325
5287
2716
4175
531
4520
6787
6239
5978
6568
6614
3528
1909
6748
822
3080
1463
3371
5845
6696
645
2032
7095
1682
6226
1577
1821
3640
4793
6339
4547
5157
7041
5018
7991
7207
1540
3876
5389
1117
7454
5721
2317
1830
5115
5858
1771
1065
3739
6598
4110
6125
259
6977
3386
381
1286
7113
4410
3285
2060
6722
4728
6284
496
3530
1775
578
7575
4845
7416
5388
6152
5530
1335
7255
3469
6524
5701
1019
1360
4812
2895
1407
1301
1435
1974
3302
4185
741
5739
2754
3589
1444
7666
3460
3738
4302
756
5720
432
3571
5377
4200
4215
4440
3232
6842
7057
2864
1278
2537
7280
1396
5455
6820
23
6771
1169
4575
2158
2215
716
282
2227
5627
2742
3568
672
1103
1949
5813
5204
7316
3381
1520
1516
1356
3901
5361
4336
7839
1555
3381
4318
2457
1486
3985
360
3662
7866
5370
3255
2018
2949
7773
3558
5548
5150
6844
2003
6079
248
496
7644
2974
2129
3522
6774
3974
3450
4116
3194
7992
2716
2347
783
7838
7583
54
6351
2321
1534
4824
4768
973
3973
7718
546
4959
814
4126
5064
1432
7490
6611
5125
6012
3408
2506
3701
5011
6319
7331
1368
385
6767
6771
3569
918
4953
3965
1864
1973
3530
6065
4877
4128
1294
6461
1594
4982
5807
6412
2798
3213
26
3283
1879
1204
4103
4956
3781
5363
5665
3204
7033
6822
4857
2696
235
1513
3328
6876
7922
2941
2342
2202
448
2553
4281
2818
2740
3073
116
1599
2173
6355
2287
2200
5632
1813
3053
3424
1376
5582
1106
1512
1460
6691
5626
5139
3300
6471
1222
2257
4953
3789
2229
2482
1038
2272
5161
1688
4419
305
3052
297
7621
2391
2325
5201
6893
2915
1613
5397
1698
1752
3937
143
2533
660
5124
406
1809
7412
7867
4322
5946
3450
5974
524
346
5000
7075
5547
2766
751
3195
7732
355
7297
1407
346
3039
1128
2282
5502
3025
2848
4965
5844
6765
1513
7708
2194
445
5017
4377
5802
3297
6170
3491
935
7780
2152
3335
2998
5668
7997
5114
5436
6284
675
1430
1515
7670
6113
3696
233
216
3094
6002
2529
6258
6596
3961
1777
3109
3164
2631
1714
2021
2636
57
6081
1729
6072
319
3240
588
1491
7993
2020
2330
1787
5590
7662
4152
1500
6787
2075
1559
394
5997
1805
1358
7548
4226
3894
1311
7571
5954
610
2372
2139
3863
7973
2690
6878
7686
23
2135
1160
7596
5147
4394
6121
2144
1278
3055
1627
6302
5541
2094
1937
4353
7293
1269
1054
4361
442
1892
4371
41
4772
3047
4916
2628
1248
2699
5468
7027
4895
281
4874
1120
4928
5068
956
1577
1157
6026
1334
4443
7107
5446
4789
5977
5702
7133
2406
7451
2958
663
3934
5422
2896
2442
696
7800
2587
1946
5640
6004
360
1794
7798
7233
1598
3561
1978
4495
6335
1813
4830
450
5425
5777
6988
3328
1606
7303
178
7643
3307
3827
1329
4484
7489
2206
5600
5214
7589
2758
2822
4411
94
5496
5697
3243
4529
3039
6917
7940
4631
2909
1266
7017
6640
2740
4974
1825
4093
7034
6177
7347
5700
3419
3817
3223
1441
1289
2935
713
1997
2622
4738
479
6309
1093
7
5852
3477
5315
7235
2695
4454
3116
6409
2505
6286
4181
227
453
5728
3897
1679
1855
3511
621
1705
5073
27
5273
3804
3551
6759
1084
6991
7304
3633
1376
7101
1068
891
4143
7802
120
6217
3721
4328
5806
7019
6189
3072
516
5878
5116
6162
1864
3774
3658
1829
4477
6861
7440
1731
591
6780
1873
4260
225
3510
7502
1405
7544
5081
6565
2465
981
7295
2271
5817
855
946
6322
1198
4860
2167
2518
766
946
669
1044
4250
1622
4230
2306
2713
6538
3437
7695
3946
7789
2432
764
184
5692
6553
117
6464
6648
199
3692
1153
1155
6677
1010
181
1601
6546
1423
1424
2181
923
178
7128
7276
2952
2377
7668
7145
6530
6917
277
7073
1976
3442
3702
6978
7026
4271
1462
1408
4161
4055
281
4092
6523
3937
3856
809
726
1189
4479
1643
5936
6157
5238
3244
6961
2333
2977
4561
3400
3218
1921
7751
3742
6423
1183
5922
647
2510
53
842
4137
45
3645
6068
7639
5654
52
6420
429
3461
2297
5464
354
4527
863
2532
740
2252
2787
6427
5962
2227
6924
233
1843
7507
6601
4479
296
7353
1184
715
5953
64
4213
5666
466
3008
979
6188
5804
1926
2310
4064
5196
1580
4875
3449
2223
5328
895
5069
4315
3844
2635
4226
1071
901
434
2988
537
1825
202
901
4140
2549
1220
3570
5023
4590
1164
2788
863
3783
1236
2087
3807
4090
6254
3786
5346
4136
6510
3508
7570
3934
6846
3327
4759
1120
3670
4802
6448
5500
3882
4861
4638
2549
357
2399
649
3534
4271
1484
6008
2438
193
6209
2791
7932
4704
4341
6095
4395
4391
7825
6917
1988
7687
87
1354
5162
5845
3572
4060
2757
3883
6307
6083
714
1806
36
2620
7033
6904
6549
3700
1676
6233
1394
6571
7142
2089
6537
5750
916
5733
541
7100
7724
4741
2729
5883
6534
3635
525
969
3045
2018
7518
5504
4219
6098
7742
6897
5586
4629
1645
7603
3453
7977
6167
7311
683
7563
6835
6217
3301
2531
2311
509
4860
2264
7366
2455
1749
7210
2238
1003
320
7020
4300
7048
5651
5676
5121
5824
1279
1577
2811
7714
6753
442
536
6329
7030
1185
2651
7217
3601
550
7951
7688
3562
2184
6639
449
4970
7414
3421
3563
2492
2277
5287
5128
5149
2624
5403
3208
5650
6067
2311
4852
6607
2747
1005
824
5236
751
6399
1540
760
5763
1597
6080
6774
3747
6067
7733
5476
4868
6377
6490
5992
5059
2870
7075
3802
6302
1979
1068
1600
4738
5261
7762
3616
3766
1795
7866
3416
889
1069
4272
5977
6207
2715
2585
6154
3897
651
2691
976
7184
5725
482
2731
4810
7576
434
7105
3302
5174
3743
4265
4119
3239
904
3087
5659
1328
7453
2722
1394
6191
1127
1992
1232
6128
6981
542
3232
5794
3983
1323
7215
3237
6252
3916
5072
5811
2315
4231
1264
7171
6668
3821
4406
475
7003
6177
5662
7846
5332
4967
3659
1189
7954
2025
3513
4598
6521
1486
101
1190
4330
2790
5401
7552
7900
2494
5793
2197
6388
4662
686
4463
341
4133
2000
6748
2156
7080
846
3432
1665
7784
6177
898
2156
124
761
7899
7055
5746
5258
5833
1639
677
7719
7487
7882
5218
3390
5361
7015
3218
6937
3176
5658
3864
6897
22
3969
1976
2130
6859
5986
2024
7190
5696
2790
2235
122
1540
6283
7760
427
6409
6814
6218
4085
888
2583
1033
6763
6914
3421
4002
3120
2678
2084
2336
626
4796
7065
1141
2360
5359
1080
7543
1262
4555
505
5843
5076
6405
7656
4432
2180
4547
3770
3030
522
558
5942
461
2520
6557
2010
6996
5459
2239
687
2843
4164
2489
7009
5884
4413
5140
7344
5151
6346
5100
6319
7209
6629
5748
5026
894
372
2484
7710
2893
3009
6678
2283
6856
6337
7686
5859
1978
2096
1522
6972
7121
5259
1903
6802
662
965
6034
4013
7010
6922
419
4344
6801
3788
3115
7805
3911
4246
889
426
3450
1853
2769
7191
461
2671
6047
1431
944
1576
3977
7650
7606
2560
4399
3036
4941
2943
7718
6447
5026
4314
7464
3102
1308
2298
6996
3668
5905
1249
4114
6040
3926
1041
2937
245
6075
337
2505
733
3427
5889
7565
768
6957
4
4865
3454
2970
4452
3143
275
3641
3227
2612
5506
3979
2005
3850
4112
6103
1117
26
1791
1666
7340
4744
2229
6085
5470
3728
3887
6334
3923
2794
5583
5484
3203
3527
3505
6069
3556
3404
4231
6121
337
7267
3397
1145
1271
4715
7679
7226
2451
5589
2635
3546
3893
2461
5497
3385
4032
2176
7622
102
2006
116
4225
7146
2123
2409
296
5871
3736
473
3691
3305
973
4552
4182
828
1975
4283
399
6264
7757
7423
4134
5075
4244
2914
994
22
7577
45
6394
3870
3913
7257
7563
5127
829
7231
7096
4873
6886
5088
6229
6844
612
7143
5978
7667
4536
3009
3924
955
3345
6812
7166
2318
4129
5521
1998
2157
1195
823
4414
7337
3108
5600
2466
6193
6159
5445
4306
5739
2744
1330
669
4259
4860
1696
1110
1921
1845
6656
7083
2943
4242
3977
4507
6147
3665
3014
563
746
2405
5446
679
890
4535
5630
5007
6524
5256
77
2134
59
4490
2250
4602
3977
6713
2108
2878
2426
2934
2085
6691
2154
3378
5503
98
6994
934
2873
4329
210
3521
7132
1142
3225
3388
4908
6823
2192
7170
3370
5212
2868
4542
426
7931
4714
2819
3053
4488
899
7913
4493
1649
4363
1530
4662
15
5442
4590
4514
4252
663
6844
6874
7666
998
4952
6159
7816
2263
6520
1043
5911
4544
3392
4019
1973
243
1905
7874
2930
6
1130
6522
2809
5876
966
7645
5252
190
1507
548
6053
723
2102
7660
436
2135
4832
1681
5519
7601
729
6635
5931
5283
6011
4798
5822
6538
5104
4037
7826
4661
7242
5249
2222
6823
1560
3020
4844
1233
5227
7136
460
3012
5583
5336
1037
3156
7266
372
3475
3204
1648
1637
7267
648
2561
2697
6035
7166
3890
185
2704
5656
6541
2755
1931
2128
4229
4027
687
6014
2935
4970
3210
4734
4910
1231
3074
1293
7840
5612
3941
4437
1678
6760
645
3553
3424
1754
5191
6901
5321
7500
4727
1899
1708
4293
2194
2418
3545
3742
7968
3340
3732
733
7176
6370
2463
4450
4143
5976
7449
3829
1188
406
5830
7862
5900
5141
7049
7381
6723
7880
6569
2791
3280
5125
2613
7173
867
5304
4851
3381
6223
6763
2388
4028
7672
1990
311
6343
5197
6396
4267
7201
3587
5060
6649
706
2604
1304
3102
2863
5192
316
5979
6598
2697
7484
4561
5126
6306
7048
4775
1932
248
3093
3037
5478
3901
5263
5608
113
7132
3896
7667
1055
6679
3001
6167
198
4347
6657
33
5417
4359
7047
441
1315
1779
3618
4153
2281
2959
7854
2025
998
1300
3308
401
7673
6916
2240
4675
1991
1385
3585
6362
6057
4125
5319
6201
6410
2836
3105
2313
1550
337
1230
1900
1183
108
349
536
5897
5868
552
1001
6290
4154
911
144
3478
2857
5522
1185
6025
5717
6856
2718
1690
4009
794
7893
4917
4630
5528
3688
1936
3570
2437
2470
2855
4194
4340
3848
2793
3967
3564
7705
1925
404
3867
6520
6047
3386
1319
5579
6043
5984
3799
4161
4431
3711
2606
1333
836
481
1984
2753
6671
6039
6353
1593
2757
674
3565
3479
3299
4985
2298
6530
1754
2020
1143
4645
1402
1462
7321
6095
387
5583
1077
339
3700
7731
5899
5764
7158
1354
1859
6266
733
2522
5631
6457
648
2300
7079
1614
6632
5615
3810
6787
2602
5313
4772
5628
684
210
554
4762
5060
1145
7408
224
4371
4235
6097
6400
7242
908
7332
3494
1315
5536
4720
7550
6849
2057
852
1580
7557
4506
2538
5084
6176
3931
4367
5037
25
2890
3779
3117
2943
3444
6681
2363
3330
4097
3566
4738
1078
5971
5024
5820
1133
2898
2062
3814
490
7214
6388
7795
6738
3449
2768
608
4051
459
6305
7850
6136
6552
1199
6187
5306
7585
7913
1792
7379
2049
6515
6355
465
6350
1183
6584
7036
2158
5248
576
6282
3684
2350
6172
2776
2856
3670
1020
4094
664
640
1758
5773
2642
4319
7863
7903
6726
461
1290
1697
6681
343
2313
3674
7712
5131
1494
713
7435
2205
5326
6090
3299
203
5182
5702
4451
1769
2080
99
4651
1837
70
5486
3172
787
550
5066
7490
7289
3886
1493
5522
6869
4062
4562
3321
1931
740
1869
4708
7899
414
7262
3330
3977
129
3748
7556
3680
7199
436
7052
3432
3813
558
1054
6183
402
2170
394
1947
7544
5596
6807
1774
6941
988
7448
6283
5204
5182
7662
7677
7844
3124
1869
3619
6463
6639
925
6523
439
1048
1306
3974
3412
1057
189
2520
2984
1838
5700
1890
2545
2416
4236
993
3175
635
5465
7340
4760
5963
6370
2857
4324
5498
82
1718
4614
6874
889
939
5747
4986
3408
7484
5338
4592
4400
1719
5613
3392
425
5694
3104
4129
1461
453
2205
6177
2020
3134
3606
7548
4719
4752
7139
1053
2967
2564
831
2659
2670
3826
1349
5536
7803
2186
2730
2468
7274
122
5972
2404
1215
2788
2151
1093
186
5375
4129
3808
1971
5094
318
6393
3612
7124
6558
6449
5442
6674
4159
2574
5064
1585
6895
6329
4380
4637
4765
3967
6747
39
3066
77
1301
372
3432
7658
7080
1671
7227
1054
4573
6846
3832
2669
1120
3379
5468
4222
1483
6328
747
1147
6243
685
923
7195
7186
5629
6247
5440
3385
2960
7661
1415
1918
5548
3517
5356
1229
5167
5219
4270
180
2723
7661
3013
6028
2306
4469
3651
7045
5060
7518
6533
1962
5565
1824
2218
4948
7908
6787
7546
6909
4225
2558
6359
6335
2483
7237
5364
4898
7246
6955
3466
5943
1124
4982
6284
2507
7507
7577
1363
1366
2146
4003
7926
127
504
2863
1671
1111
1361
2962
3058
2049
5723
3564
7473
1465
4630
125
4318
4342
1352
5280
6608
4959
4095
463
1927
6866
1479
6573
5802
5760
2385
7053
3673
6810
942
5641
3670
5735
3347
6384
4490
7105
1878
4819
3767
2412
3513
1825
2963
3796
5063
7419
4834
4759
3531
3800
5146
5132
6599
2835
6665
5606
724
47
3972
2212
4019
7853
389
1285
989
4127
7781
2345
4318
1221
7675
6334
6247
4239
2599
167
5353
2198
3745
5172
5252
6961
7621
343
5042
6648
7503
942
5558
3144
4571
391
7402
1135
6994
1800
4671
5062
6377
4134
6813
1796
6934
4972
341
4999
4555
6598
2378
5268
6354
7704
7710
7784
3513
1196
3249
5876
5019
6227
6208
5855
6557
972
4901
6003
3869
7397
1998
1112
38
7422
1570
7653
3664
6392
6872
944
6271
459
6984
7425
2145
7376
5099
3862
4171
2280
2871
2013
7942
1560
558
3161
3641
3247
3856
3252
4708
6134
1686
5223
2626
3338
3565
1933
6471
3036
2632
6507
904
6497
3017
93
784
66
949
5547
6944
7127
4062
5136
846
3437
7307
6936
12
2697
4913
7525
3664
50
4889
7107
3691
1499
4087
4871
5136
2013
7883
5946
4868
3352
6327
7621
5805
6379
5333
3386
6787
3253
1010
2042
6128
721
7759
5939
3599
963
3723
5
863
7319
7798
7603
3606
5990
2074
2310
2125
1049
3842
963
2980
3191
603
758
1460
3976
4350
5291
7431
4018
662
4613
2634
5716
2606
7941
1477
5342
1047
3242
2992
5639
1013
712
1662
678
4771
1625
5520
6176
3413
1865
2992
3735
3850
6401
611
127
7233
1776
7044
3905
1642
2544
4126
2444
7282
7442
6360
2633
7645
7431
7945
7581
1303
5078
2957
6729
6781
7663
3950
3502
3731
3924
2828
2735
6204
6412
2648
2016
2690
1086
4869
7452
2282
5460
6471
3154
1750
688
2598
520
2568
5369
4259
6166
6311
4501
6248
5266
5857
4212
4816
919
983
7970
7841
88
2931
2624
7190
7332
262
411
3241
4584
4665
4391
7585
310
7502
5568
712
5554
7198
2819
7843
2196
7777
6702
3336
5059
5445
1859
5734
187
6497
3342
430
141
2205
4942
7022
4409
596
2331
4766
5613
786
7563
7136
3075
1005
4310
1524
5004
3147
1771
1052
7886
7477
1408
4353
3099
3646
2657
1414
3318
5014
7152
6202
2278
5315
1331
1615
5203
193
545
7633
1390
5057
119
7180
3917
1216
2135
4958
4269
4988
692
7421
3882
6679
5667
3129
2281
2269
7611
5802
7827
246
4902
4180
508
5645
3450
5816
4734
5175
693
546
7002
999
1349
1943
4114
6318
2792
2435
1239
982
3653
5245
6256
424
3507
284
7681
6538
4287
4910
1359
6240
4438
6783
781
6233
4998
1143
3965
5656
2020
5213
126
3275
2799
2064
295
2521
3622
1794
4979
6732
1042
254
3441
7942
4025
3044
5001
4946
6232
4829
7618
3616
6107
1661
4869
1908
3595
675
4697
1067
7282
2723
5950
534
2828
142
7603
5886
4991
6879
3974
819
7164
3785
6770
4263
6075
2194
1568
5416
2353
5685
7508
7444
4211
7125
628
3722
5670
1649
7537
165
1060
3766
7761
4826
4422
3927
19
3774
2572
7586
7145
1822
5859
5874
5755
1925
7439
6650
6029
4372
1354
4655
7330
5120
4321
3326
3064
2684
4846
6991
1979
3954
5626
1982
7359
1708
5954
7604
4154
7166
1320
7504
7426
3459
1733
2879
7984
4465
27
1982
6349
964
7989
5883
5023
2655
2520
3834
5209
6583
4901
1774
5594
3817
281
3766
413
5241
6122
7243
6946
2653
6463
5373
1111
6201
3176
936
1337
6851
4924
5745
4248
1151
6414
801
146
5596
7593
3637
6715
3242
7452
3944
5676
5810
2884
7431
7608
116
1749
7025
6179
3795
1445
2272
4733
6121
1338
4928
4717
4642
2372
6277
7819
7689
4935
5238
7244
6362
761
7143
6725
5545
6359
5096
7068
3057
6284
3887
6475
601
1793
3694
5130
3795
6554
4082
260
1239
5662
2249
4211
2356
3633
1024
4139
2256
483
5110
1704
2969
4696
853
6357
686
7140
3537
3331
4446
6561
372
1534
381
4650
2809
2308
2725
7119
7471
2362
3711
4269
6946
1077
7673
4491
1106
7708
1456
4922
17
4850
413
5793
5706
3642
4205
6273
429
1585
1996
3841
5352
4072
7712
2346
4596
7660
1006
6947
2628
491
5727
3644
7113
3372
113
5939
4168
3422
6028
7370
5487
4086
7691
6836
453
2100
6166
7478
2175
7816
5873
3756
3161
4272
6547
5627
1339
6777
3673
2828
2938
6466
7646
4315
1388
7008
5884
1213
6016
6979
3610
659
4294
4233
182
4761
3541
6023
5246
2036
4754
5435
1195
694
3530
716
5442
6842
6854
7104
6701
6762
4014
4344
3649
6701
7457
2321
4902
675
4704
7337
5355
5534
65
3758
651
5811
1514
1035
1796
6808
7930
3907
1526
2612
4338
1021
5335
7905
2386
4207
3205
2919
6723
2804
4454
2316
1428
4732
60
7953
978
2453
1126
6919
2830
1746
4917
4984
1687
1496
5472
2738
7334
5849
3684
2488
5562
7182
4789
567
3050
5578
103
4716
5152
1210
5254
1996
7882
1695
4489
2462
1823
4645
6232
4121
666
7396
1410
3408
6358
253
6823
2234
5798
939
3373
3646
1101
1843
6648
3236
6552
2395
6800
1878
4264
7349
3408
3524
2243
5377
3081
3914
160
7738
6831
2646
4840
1780
3136
7249
6589
4411
3942
7498
3429
6662
1090
2270
3816
4476
608
2631
7805
7168
2660
2338
4630
6288
5224
4473
1026
3415
4413
5900
3254
6240
3072
4145
4905
3684
6900
4144
2789
4990
4193
3343
7822
2080
6448
5796
4412
7786
1363
33
4767
5069
97
4522
102
1775
2492
3700
1438
7819
5195
5499
6749
2463
1707
2329
4353
3863
6053
5938
2452
2224
6865
7176
1419
3805
2611
3572
2872
2457
4556
6676
366
2989
7357
6500
4000
3567
6623
4501
6344
4989
6847
1818
4433
7341
7930
3202
2385
2137
6339
1284
1184
5023
7985
5200
7268
7050
4036
1590
3693
786
6755
7201
2902
23
4667
746
7802
6344
937
4650
6019
7876
6001
1354
2062
6838
5203
7621
3003
5031
3976
1072
4049
3672
3201
5527
4119
4876
535
5902
5514
5643
4786
4821
898
4986
560
3720
5980
4565
7843
969
5504
1720
5788
6602
2941
2312
1396
3869
1367
3837
7864
3448
5670
1426
965
288
4927
2718
7374
2692
4124
2151
5897
5936
6193
4089
4972
7336
7511
1731
3024
6171
2126
1907
1052
6046
7346
3505
6195
3580
5665
4088
905
6282
6028
3633
5711
2360
6351
3081
5849
118
2455
5657
4375
4820
4802
2721
3862
6226
4391
5396
171
2936
5196
7190
5469
4499
17
552
7770
293
3074
6179
5272
6993
4399
4073
2481
5865
4811
5571
2323
2028
6817
6195
2440
3707
6122
119
6226
1735
88
6082
1056
7019
2279
7
3683
7682
7641
2026
6886
2016
7172
2177
2184
6951
1655
7103
5378
1870
2233
2816
2076
3387
5781
2540
4488
3393
6989
5655
2246
6488
5403
5558
5847
6733
2839
4075
281
1648
6320
3581
7634
5161
5860
3039
7025
3546
5772
331
5462
6784
3226
2360
426
5954
1132
1695
798
3225
7119
3021
7827
1446
7989
2752
1887
7815
7845
528
5458
2198
5969
6868
1435
665
6269
1706
5881
7577
5030
7254
6799
3074
2179
6312
467
4732
1445
4968
2242
4057
3193
2892
1612
4345
6932
79
2103
6272
211
3336
5280
6435
3116
7711
7483
7403
1868
5484
1017
4198
7102
6872
7928
5212
3317
5083
7531
3364
3162
4856
6110
6399
2212
6464
5117
5717
4291
1467
7962
7509
2937
3826
295
1503
3376
4228
4976
3569
7652
7794
436
3585
3805
2884
2318
1243
790
336
2631
7311
3790
317
571
2529
7576
4517
2879
5372
6066
916
5929
2815
7200
1995
508
6484
1752
4992
321
4143
967
3595
3131
4667
6744
1723
3995
4867
5341
3715
626
1905
5267
2183
4148
3102
1244
6760
441
2025
5342
4327
7087
3445
2013
7784
4679
7014
6624
1085
6133
1573
2398
4266
3437
5717
6064
5773
391
1948
2811
6648
5968
6388
6368
7882
510
3288
2541
4728
6464
738
1674
95
1048
5248
1593
4956
1606
5719
2053
1019
1837
2379
7482
2772
5659
7330
5936
2611
3563
6629
234
6577
2252
7145
770
7813
3811
952
4239
2605
7871
4712
2327
2590
630
6521
7460
1569
1019
1556
2653
139
5495
2735
684
1157
7428
3126
7454
6322
2879
4029
7161
7123
6471
4328
5302
7701
5898
4154
7411
3355
446
6800
5285
922
3823
4937
3057
2878
5219
1494
858
1626
7001
463
2189
4888
6335
7607
6414
1078
4586
5992
6724
2592
3759
1943
879
6825
7675
5697
6309
7656
7592
3866
2907
6851
4735
6524
6426