7889
2541
7739
1267
2556
5570
5361
6261
550
5317
4257
701
1683
7298
40
4143
4072
5898
4080
5133
7761
399
4630
7140
6124
3321
6578
7911
25
3118
6402
7142
4607
5177
7020
5440
3639
6969
3890
7991
5566
5228
6503
6923
7730
144
1942
2740
2074
1513
1785
211
6216
4424
1095
2430
2872
705
5035
2208
2603
3300
4874
2086
6654
2607
806
3851
7052
2031
5442
732
7076
3508
2042
4713
4295
243
5132
1182
701
5174
5274
5894
5988
7565
6342
2915
5210
2469
1970
4823
7137
2015
4066
1476
951
114
7186
1100
538
7866
4788
6317
1197
2935
1739
5739
4805
6029
650
900
4642
6277
626
825
2093
6374
4642
648
721
2064
6545
1646
6901
1232
1147
6393
4433
6234
628
4436
78
5923
1346
5383
1655
404
4816
145
5992
589
3334
227
2224
6784
4862
7087
4322
1888
1860
6910
1
7999
4052
3353
6143
3163
6606
1584
453
6423
6669
432
6905
7891
7456
5907
705
1020
5600
252
7385
5309
3790
3524
1501
4310
6014
1503
3844
359
6607
4209
7897
3590
3866
1115
7198
3875
1548
4741
6093
3880
679
1849
1738
4880
6704
3859
5406
2085
3883
5034
5776
3138
3467
2057
4682
4435
638
7142
2034
7364
7747
5317
5578
4314
7036
41
6356
3727
5541
3031
7981
7963
2123
6131
896
4789
3806
3131
7936
897
1430
104
4077
5535
469
5652
524
2322
3315
6371
1597
3493
6955
7443
6668
3101
692
5121
6434
4416
4639
1688
158
3455
7076
3188
449
6896
65
2370
5569
5172
2195
4920
7140
5525
5937
5229
1903
5173
4254
6954
7921
4464
2488
3216
3828
3028
5891
1589
2071
4661
6804
553
3099
7027
1422
5060
2622
5635
2832
3502
1318
3973
2418
5757
5066
3571
7344
3604
5603
5951
3652
997
7181
6505
6311
1433
3285
91
4862
1899
5621
7217
6541
5112
326
7963
5846
4756
4878
3632
2704
7880
5607
6268
2528
7098
1560
7342
2318
3965
5126
6590
6032
3568
2539
1226
5682
7421
7144
505
5312
7631
1414
3558
2428
2049
2569
4842
1859
6358
5400
4627
4982
7213
3686
7367
5099
6109
125
2326
2812
5073
5956
1400
3957
7450
2935
6072
3809
5162
330
2380
7088
2887
6965
3599
3042
3070
2173
1027
4109
1920
1461
1326
3285
4129
7024
65
67
4836
4224
2339
3905
7259
3870
7203
6201
204
106
7047
6663
2757
6091
4686
6314
4082
4142
5018
5242
4516
5531
4683
4121
7872
6423
4125
3884
2390
2020
5323
5652
943
3853
1658
4706
9
7955
6344
5099
996
944
164
4
7182
1959
5288
1734
3631
3364
260
2461
1687
5765
7131
7046
3656
4551
2296
7753
956
4456
2271
3369
1664
6914
6806
4076
7571
6646
6286
4050
3743
4355
2968
710
868
6117
813
6402
2116
4927
6929
7536
1644
7159
684
1881
3110
5290
679
5174
7338
1285
1120
7766
6366
345
1495
6535
2970
7937
2942
6868
3845
322
4051
3898
4271
6569
5954
4456
1913
708
1647
677
792
3984
5406
2273
529
1148
357
217
2264
4929
7551
7089
5403
4134
6345
5042
919
2868
5735
7861
3675
278
6817
5761
1266
2852
6401
5431
21
3280
35
6778
2434
4705
3081
6936
7023
1347
1225
7125
3701
5437
1796
3329
265
7513
5902
540
6751
722
3874
5931
4568
7708
6856
5296
1934
7928
6926
6734
3589
2696
6407
7619
6844
3130
5824
1776
6799
5386
1833
4061
6025
748
7379
4250
4536
1493
6384
2457
5252
5743
2412
5158
4413
2340
4783
3580
1245
1989
3698
419
6138
7091
1377
2766
7246
411
2113
7066
3748
4580
366
180
1265
7919
3535
6862
6008
1889
19
1562
7678
1588
3471
7942
4083
3886
2161
5515
5650
2127
1683
4131
5839
1561
7986
1253
2980
7878
2083
6522
6906
3962
1288
7637
4860
1484
1361
3332
2076
485
6140
4662
2831
6403
604
1504
1462
798
14
2753
3892
2692
6231
5742
2695
5421
4292
7704
6294
2969
1874
201
6272
5908
5284
1985
2125
3248
444
5117
6331
3438
7531
756
7855
815
2075
1583
7623
3060
6912
1174
1601
6913
2040
1386
4606
4193
3689
1105
7972
7363
6689
1461
5847
3701
4344
6347
6209
85
5758
1371
7331
397
742
2412
5434
6210
6150
1847
5295
6422
2463
23
4542
902
3798
2069
1596
132
6377
1142
1450
1774
6472
978
5028
5223
3958
4849
1004
7329
1828
2557
2820
1553
1858
6680
6574
2388
7722
2969
6042
3019
6059
664
3336
5947
3951
7215
1224
2734
7536
3499
4247
7147
2105
3897
1323
1612
4552
1700
3731
5901
704
1579
794
683
6436
5668
6899
6436
2527
4899
4468
7354
2843
1329
6899
5007
2827
6061
1481
3494
4933
4485
6481
3901
7361
2822
6965
2790
4887
4252
6393
1386
4089
5245
4965
360
6850
4945
2498
7242
5009
535
2704
7070
6645
61
6775
6944
7652
1925
7362
7995
7453
6991
675
4582
1238
6802
5189
1723
2989
4074
1491
6612
6819
561
896
7516
3033
4138
6561
4434
2446
2524
7368
3598
7697
5048
7747
2242
1754
1697
917
5807
7725
6020
7125
7123
7156
6344
397
962
3510
5309
5914
5532
6922
625
7349
7094
7299
396
3133
5821
5078
2348
905
207
2434
1138
6026
3935
7291
2180
1742
5705
6096
6902
2657
5203
787
4639
612
1073
2463
4139
7662
6677
7001
7441
6960
3845
4690
1222
1407
5561
7722
765
2850
2689
6543
5981
6122
2132
5182
533
5377
4522
5094
3707
6054
762
1408
160
145
6978
958
1178
1172
3962
35
1534
6831
6489
3695
495
6805
342
995
2189
5237
2943
4037
3434
7770
1307
5905
3353
557
7635
279
5482
43
97
5292
3389
3179
5222
1289
6123
165
7622
6017
3687
7178
2234
1222
2380
5348
744
3636
5847
3091
3385
6007
5303
1374
7818
7378
4329
5672
189
3076
2520
1819
334
5866
527
1019
4436
6123
4672
542
706
802
4873
7115
3977
7148
460
1322
4762
3232
3190
6729
3267
5516
7028
675
4652
6787
5843
7419
5828
4603
1774
4095
3664
5350
6973
1314
598
6552
4526
7629
2885
7765
1809
6368
3480
4041
500
2433
1149
5595
6114
698
3439
2173
5805
3061
4078
5683
7949
2517
7987
2969
5957
597
7826
4244
1228
421
3932
4792
5007
5012
3634
7880
4741
83
469
7229
6562
3504
2227
4662
7552
1088
4717
1199
3565
6004
6240
1313
3683
277
6832
5721
7703
5577
6124
6168
2682
5418
1417
7895
6609
400
4364
7463
4852
777
3377
919
1845
4689
6540
213
528
7694
6520
4002
5806
3681
4722
3012
3450
2437
6083
7411
5291
4665
55
4083
3798
2869
4105
1434
5155
6700
2366
234
7054
4446
5081
7623
2750
5422
2168
641
1786
373
6150
5255
5284
4661
3477
1062
7060
1366
3356
4403
703
2971
2093
5669
2154
4796
5534
7521
7824
2738
5998
1048
6630
779
7065
1945
7046
6878
3056
6137
6654
7271
4544
7676
1448
2656
7060
7160
6052
2152
6816
1242
4962
6607
5362
4880
2042
4516
3977
831
5079
2529
6474
7260
5394
5139
614
3326
1608
1418
5259
3537
5659
4494
4229
7946
6437
3784
4426
6517
3117
3999
5567
3459
1486
5692
1867
7297
3809
3401
5057
5870
4964
6697
6880
6600
7646
2760
6348
1356
3845
1907
6778
2306
6665
4897
2559
7812
7419
1850
7325
2606
7654
4531
4191
7756
3540
1852
5291
3128
5060
7495
6703
3206
3161
6349
7007
7491
3056
811
5364
3474
1128
2842
2154
6090
6212
1671
235
5798
1892
4427
4794
4511
3640
7653
2352
1756
377
1241
6278
4495
7864
1408
7615
6996
3079
6972
4116
4182
7234
6374
1301
2984
4707
1052
5168
6853
7683
2692
3415
4039
2114
2285
3480
6322
5443
2513
2980
2026
4234
2885
732
252
4571
4571
2293
7133
1057
7025
2948
177
3732
5737
7449
5440
1013
5443
6832
190
56
5858
247
267
6620
4347
6766
7014
7053
4351
4946
7156
5458
6279
6581
5893
6553
1432
3077
6904
3665
4016
7379
6004
7751
3811
4439
3102
5951
7713
2826
6292
5079
3263
4407
5059
2306
5578
1507
5274
4698
5935
1999
5016
44
1798
2635
4387
474
3742
2650
6924
2372
3147
3741
7151
4894
5714
5121
2531
5717
7621
6009
186
2306
4823
5026
4816
3518
6002
5262
1087
1117
2947
2318
1103
7981
3524
3665
7631
2139
3435
6078
6757
3548
2446
4013
548
2867
3224
154
7573
635
3994
950
2084
819
6012
5554
7543
757
7195
7255
5362
5202
2285
5603
7251
3986
1682
5667
7440
7322
6350
842
5406
705
2923
7415
56
4947
224
12
2308
6623
6343
3979
3081
2383
903
2410
1804
365
7000
4365
2097
6107
4639
1660
2412
4992
2318
3230
6674
4449
2724
6541
3459
4219
7021
6604
627
3518
225
1455
7719
1120
2431
994
622
2874
2454
2510
1644
4770
6757
6866
2602
7792
552
6447
4466
3792
6866
4564
6395
3246
496
7347
3543
4253
2085
1855
55
1373
437
918
4569
7871
6545
7252
3120
2579
6099
7917
3007
1349
7074
433
4476
887
6867
2193
973
6481
2258
2796
5839
3560
3031
3701
4011
6009
1447
1027
6910
635
6176
470
2757
4135
5467
4654
6398
7300
1464
4333
7367
5402
5444
6939
3972
6749
3444
2980
6153
86
5960
6951
7883
1198
4717
2360
6794
6923
2862
1298
2306
1609
2198
5462
1859
4788
6422
2434
2177
2316
6249
45
334
2296
6504
588
1495
5259
816
7210
7912
587
2330
6020
4042
2274
5072
7198
6837
3623
6413
5273
7738
3560
2070
7853
2478
2643
5153
2206
776
902
830
3730
5324
1770
4279
1426
1172
3703
6868
169
5434
1455
4697
6338
6858
109
5491
6900
1955
3780
3302
6892
7571
4184
6310
3699
6194
847
6574
7403
843
5824
2492
7212
3124
7086
7291
3030
7339
5550
6293
5994
1871
4434
4125
1128
7768
721
1116
5147
4998
6440
6016
2094
2615
3106
4661
6559
1560
4510
1893
6846
1444
7208
4570
88
45
3006
2925
7995
5320
7838
3541
6883
1131
585
7367
3051
3065
5463
2295
3010
4835
1724
3769
4756
6173
1336
2460
7974
327
1199
951
379
3244
552
6772
6667
309
488
5713
1199
6116
538
4864
936
3599
6203
1892
7180
3246
5477
7783
6922
3389
1068
7
76
5466
5347
5612
1432
4041
6169
7657
7180
2524
7556
7801
2379
6207
4332
3694
406
1738
3862
3187
4787
1728
7495
6054
7789
7156
7902
7576
3718
3769
6075
3623
728
2080
2097
7281
6630
2681
6619
4377
6336
4999
238
7265
756
7627
4266
7994
6366
1462
5742
7284
6045
67
2039
4354
820
6300
3054
7400
314
6860
29
689
6459
2310
3009
6126
4015
1430
817
7896
822
3865
3249
366
1223
894
5201
3889
2356
904
5310
3530
4040
5373
809
5065
6106
5741
1264
1086
7550
4241
2872
1754
1619
780
1433
190
3156
3791
676
438
7015
7479
5276
4333
2859
1256
5285
5410
765
6780
4576
4582
3909
4216
6369
1271
687
5124
378
623
4677
7816
1819
5775
6697
4829
1221
4641
2591
2198
221
2133
3627
4653
1937
3567
4287
3776
5668
3155
3024
6807
5456
7707
2760
6135
7857
7625
7828
3402
3172
4956
6222
3974
18
4932
4753
6148
7269
805
1046
166
1534
7399
7075
5973
2119
1523
3382
621
5284
1706
6967
1541
1763
3213
795
6533
7396
2711
6778
3960
821
194
2189
5403
1297
7546
2836
7363
4567
640
4376
4766
5275
4290
3391
2248
3505
1861
3476
5134
7910
3576
65
7794
5600
7110
1833
201
2162
1685
243
1104
1667
7852
6664
5131
321
6993
5252
2855
2783
2935
7619
80
2424
3440
1495
2511
2035
1674
4134
7218
5097
1696
4046
6325
7516
162
87
4525
1919
3057
1495
3007
1415
2855
47
5099
5509
7225
6833
3126
5262
2550
3998
7940
3969
1346
7655
814
4445
2257
5226
3471
3824
4635
2692
1123
5316
3523
3711
956
2233
6895
5013
4794
7805
7764
1108
7926
4457
2060
5628
7206
6866
7538
3309
5062
1702
4965
7039
7187
4843
4414
6428
5062
7304
4095
7208
6687
5233
2928
5697
7733
3341
4832
4301
7904
4512
510
4921
1443
1961
3774
1639
130
7928
2005
7977
4401
5912
838
4695
5723
4423
4392
4981
2089
6470
7272
6465
2860
2458
1855
3578
7899
784
1905
1912
1554
2754
3572
7148
3526
1118
4292
376
902
1984
5879
4233
4307
5326
7214
3975
3707
141
7320
5540
5335
2182
7168
1563
590
3442
2165
3628
2547
1733
3623
1502
6151
2019
6105
2848
7402
7725
4809
4592
4878
1144
5825
3464
7319
57
6332
1618
6855
801
1841
4500
4956
7684
877
7356
6850
4205
2472
907
2211
1490
2783
3235
2110
6365
1995
7576
7758
3131
6723
1669
7350
4396
6050
3206
2541
565
3856
3190
6925
1421
1429
6604
2729
3559
4583
6866
4511
7964
2852
3933
3988
5186
5288
1768
3885
2608
1965
2594
3726
4615
6507
4528
4418
621
1508
3260
6727
7269
5035
7901
7078
3746
4734
7324
2000
1749
2628
1659
6257
3185
819
7237
6460
2038
2336
5645
93
1470
2384
4792
6782
6076
4977
1910
4047
69
7784
5889
3605
7795
5810
5354
6094
6744
3505
2801
6995
5644
4128
838
7868
2319
7299
4210
7687
2218
4824
370
4003
4529
6509
7546
1211
462
3114
561
5242
834
1098
6338
2841
5325
2182
6536
2772
5927
4330
7953
7086
4090
4429
7877
5983
5725
520
5087
5537
6224
4181
6115
7308
3084
48
880
6444
7669
6627
5830
273
3379
3742
5214
2181
4021
4422
6746
7825
692
4229
7995
4102
4762
2615
7415
2014
5388
6813
7399
6466
3108
2429
1580
3384
6894
2609
2269
5720
5172
2675
7372
3034
4525
6487
3858
5362
2542
7324
2052
4020
7572
3612
5491
5667
7405
1367
2220
3869
3796
3776
2515
916
6856
1426
97
7064
3842
1814
4107
5325
7284
323
6247
1086
3788
3262
6056
5192
14
5663
3722
6078
6369
876
7189
5784
5126
3492
1490
3471
413
6538
7614
7093
7425
2105
4703
302
1236
3273
5989
335
695
6940
120
5460
2827
7332
2659
3441
2451
7255
6959
4151
3765
5707
6624
5887
5020
7199
3073
5326
6956
6502
3609
3718
295
4248
1091
2580
832
7276
4769
239
4745
2201
2195
6735
3810
5491
4403
7950
5080
513
2323
941
7963
435
3211
2749
6091
523
5918
5815
3439
6662
6380
3323
6604
3851
4779
2511
2711
5165
1895
7293
6793
3667
6538
60
2645
1845
3641
7624
774
5391
5134
3139
1542
2153
3807
2064
4580
7652
170
4874
7742
7963
989
1891
7313
7417
4525
5459
3526
5603
2977
7532
1772
202
4903
3124
2408
6224
944
7627
6810
800
3795
7256
2084
4316
6812
6378
1172
4314
6889
7678
1434
7399
2428
1282
2938
7442
6290
7293
6104
6350
5632
7020
2587
3758
4067
5722
6486
2117
2229
4275
3952
1999
6932
2919
7067
7931
2644
116
358
4003
3472
1280
7311
7346
4179
4160
3537
375
3042
1127
947
5228
6670
4175
4789
5798
7064
4262
256
4211
1396
5724
7641
1385
7944
4335
535
2979
5867
7087
4881
4905
5117
4403
2623
7131
6375
6069
7331
2087
6820
7154
4838
3149
3732
2387
1160
7228
3451
1492
3920
4690
2426
6644
3957
6665
7985
7188
852
422
280
2955
5358
2750
1341
5436
3409
2842
1471
690
5656
3440
6039
4991
7322
821
2424
7292
6273
3886
3547
5286
7099
4511
2308
6592
7597
6804
7315
4660
313
2376
4080
164
358
3049
1674
2102
2198
2576
1348
4113
7711
731
953
3449
4749
567
881
7884
4521
7445
739
1249
5936
4300
1723
6303
769
2314
4533
2751
7797
1798
4584
1583
2000
5262
577
698
7406
236
7842
6601
1392
6457
691
3668
7201
759
1202
4767
7470
5206
801
6863
4112
6923
4062
5543
6523
1496
737
6716
7969
473
5603
507
6836
3832
7314
6435
2000
7035
7565
4602
6897
4732
1192
7712
1972
4556
971
5341
4459
6574
3464
2169
811
5689
3344
5925
2420
4948
5541
7670
6013
7109
5584
1428
4061
170
5061
7357
7632
2716
2019
4059
2870
216
364
389
4939
2156
1004
7386
4973
924
6010
700
7876
6159
5029
4166
3436
6459
2404
4105
6629
5832
7675
6167
4123
7177
1739
2890
465
4444
238
803
4791
5704
2163
5600
2013
2214
3559
98
1366
5546
7372
579
6107
3596
3664
5552
1498
5433
3802
4122
631
3566
99
3289
7001
4102
2960
1547
4566
419
4684
4039
6937
4409
3594
5883
3495
481
3577
7298
1900
4763
3001
7019
4386
7468
1446
2449
2804
1994
3328
5928
1008
2179
4177
1257
5082
6743
6330
2914
993
7873
5260
1669
1255
6933
3347
7165
6661
3641
4654
6710
4650
1851
4871
2117
2285
2556
6531
5332
4022
7255
6233
2110
45
5043
1083
3160
7625
1953
4808
2969
4773
7387
5853
3180
1743
2266
5852
4411
6002
7761
1677
1181
730
7773
3882
6525
2954
951
7277
6120
1489
215
7051
948
250
2561
5208
1284
3337
64
3082
940
7332
4411
2727
5522
5865
6818
2758
5978
4504
5494
2647
3085
6033
2061
5964
2618
7718
1268
3589
6265
3659
7166
3654
6324
6973
7444
3284
5116
966
704
4184
3181
2319
4407
5416
7921
4691
103
4654
3673
3965
7990
6772
977
7405
5917
3099
4129
1234
3221
6390
1818
4449
6262
7332
6264
945
5257
2391
2263
4796
5522
3960
1663
1627
7560
9
2134
5271
571
5421
7989
1510
3174
7768
565
2765
274
195
2533
2729
7014
1435
2106
3816
2962
6658
7979
889
383
1329
4122
6354
2677
251
1545
4148
5745
1855
5282
1702
3423
1945
2368
431
5667
904
5607
4903
7075
2628
7403
1339
1954
2526
5128
7678
3985
4712
4267
3753
6492
5709
3252
3931
1786
3560
1066
3079
6530
7156
1461
4654
673
5807
7204
7641
5277
3792
1629
3171
3904
7953
5898
7010
7219
148
3418
7304
7177
685
4641
7359
2611
1969
2212
7784
1805
5293
1246
4828
5577
7639
4232
1788
6726
1284
6914
6360
504
3594
3815
7433
7774
2431
4730
7555
1708
1174
5990
5596
7782
1930
167
1680
1347
7884
249
5495
4207
3818
4243
5130
4641
6722
181
3418
7216
4911
6142
6505
2111
1
3617
5973
1286
6667
3436
4594
6823
3291
7673
7157
535
1336
714
7625
7851
756
2209
6616
1985
2682
1069
6700
2394
910
32
7784
5452
4789
7884
739
4495
1883
3796
2332
3123
6012
4909
7836
1536
6907
4124
5809
7530
5627
535
3617
2001
1748
6457
7493
7057
4518
265
2807
1686
6595
2755
3990
6444
7779
5855
7318
5894
3983
4441
381
5149
6312
5662
1899
4927
1403
512
2058
5575
6555
4276
5974
47
4300
1450
2240
7188
6221
3225
2853
3443
7201
3165
4546
1158
5781
4708
6826
5619
3484
1949
4065
4306
3100
6285
485
5160
936
4199
2737
154
4890
6592
527
4257
2417
5384
5228
267
6896
2407
2733
776
7600
4922
4735
2742
6817
2462
1383
469
390
1717
7542
5943
5861
162
2702
4163
4134
5261
3867
979
4428
679
5323
1426
7436
4846
4396
4266
6326
7401
3800
7348
6008
2221
1384
3947
602
1231
6385
7235
7434
1452
5719
7827
2027
5255
5466
6692
884
2859
3383
130
4617
787
2973
7104
3625
5671
758
7086
3658
1903
590
6409
2208
2226
2132
3566
7395
1173
2399
5652
1493
1833
1627
6389
7105
1897
7956
404
430
3821
3610
7136
6704
4692
5931
241
5526
7196
6485
2627
707
167
7340
2069
7466
2176
5382
7279
424
3121
5900
7691
1496
6968
7328
344
1899
5571
5295
1275
5988
5347
5459
4635
1294
8
907
7852
1791
7462
741
4357
4403
1227
7977
2936
3187
4973
4811
2265
39
7066
6037
6183
4726
3095
116
5314
5821
1049
4597
964
6250
2035
2711
3671
5309
46
4635
2815
7248
6551
7088
2014
5010
3690
1530
1976
3170
5382
3263
6707
668
6215
2708
221
4648
5933
2079
4524
647
832
6231
7045
1481
4960
2519
7227
2461
4131
5698
6327
6614
4134
64
5872
2714
847
2103
4345
1479
2953
2603
6970
6483
1070
1132
4025
7209
1406
868
1043
373
7379
6449
7018
1869
5612
687
556
1335
3702
1160
7562
7911
4723
3551
321
5051
5645
6693
7611
1403
6147
1275
5532
6619
2824
7710
5800
4104
3856
4835
4849
7522
842
4534
2378
12
2064
3407
693
3135
4980
1439
4806
7311
4626
7184
800
1788
1065
747
5964
4357
578
3532
6412
4896
2172
7625
7921
5454
6361
3412
2846
3200
730
1590
3077
3178
727
684
4290
3118
7919
7905
7547
4386
2546
263
6706
2863
7971
4909
6574
7784
3612
2076
1023
5431
155
2546
3068
5753
1730
3159
4808
1734
1763
5378
2064
5043
4804
7227
4384
6588
5592
6488
6930
6963
6017
6965
3643
3420
2156
6486
898
7377
6826
167
2393
2133
7813
7120
4258
7393
2205
6296
7301
7390
3201
7209
57
3885
6606
5139
933
4842
5337
3193
3647
4601
5802
4901
5195
1279
1034
2554
4413
1112
7253
6243
4691
4672
4300
5334
6293
7915
6495
67
296
7574
6578
5213
6361
3416
5581
6670
4775
5766
3623
6792
5629
1280
738
6714
1030
3484
7903
5306
5835
3
541
7849
292
37
3029
3392
2116
6113
1199
1635
1424
3549
3016
2351
729
3106
7531
4467
6312
1883
6182
3952
5782
6357
7533
4819
1585
5760
7839
6678
488
5634
1647
4880
2053
5626
3782
1692
7137
453
5926
4161
160
398
7840
5398
3958
6273
5592
6231
7252
5633
2030
6654
6666
1317
5178
7076
2335
5936
4857
4759
893
1799
3330
4786
452
4496
1377
6324
5222
2477
465
692
7005
5917
3722
6738
3025
1386
3927
3435
6319
1044
2624
700
415
5839
7606
5347
4383
4533
160
1433
1028
1459
2023
4727
632
4824
2709
5514
7774
3775
7675
1747
3451
5185
5281
1811
64
4488
1347
714
2685
2481
7208
1258
3491
5312
4803
6058
4437
4694
5772
4291
2383
7274
3817
5079
1213
2574
5197
1597
4918
6890
7561
6585
4370
2973
3327
247
1759
6719
6965
4757
5795
2483
6265
3505
5214
7789
1355
7280
669
1453
4672
4522
2827
6344
1458
3736
6477
7163
1297
902
1094
5682
1658
3755
7556
1024
3387
1028
6890
6561
2664
6373
6934
3894
954
1601
6203
1528
1610
4748
3107
478
1789
2615
2962
2658
3033
3219
5962
3166
4606
943
1309
49
5883
181
7402
6236
4705
5721
115
1209
5343
769
984
10
3090
4484
7396
6218
6471
245
1797
6022
6621
6426
4308
3442
7508
1366
5225
6463
6570
1151
710
7109
5204
3391
3334
3130
3687
4917
5496
4672
4167
729
7615
1971
2516
7243
4672
6045
1841
1188
3563
3878
2069
1688
5260
3253
3709
7968
7449
5833
1075
327
7490
1767
4732
2723
5072
6824
3381
2626
1001
5600
4417
3953
6964
7442
4985
1967
4460
2183
2906
7162
1851
3190
4643
6779
2237
7331
7438
5552
6016
1176
3846
3038
3641
7255
3887
6538
1138
4214
5599
2947
6284
6308
7898
6331
7252
7792
7470
6983
1365
5213
6666
6130
7873
4252
3048
312
7742
5209
7214
5205
237
4089
543
6897
5913
1600
2112
4197
1427
3894
1846
4982
7899
3229
5208
3003
6371
2032
1585
6479
1345
7216
7433
1838
4946
3888
2754
654
1374
7325
5672
7638
1352
4350
1841
7467
5526
674
4379
5098
1689
4188
4962
7747
4463
7508
3355
1428
1319
4444
815
3278
136
6874
3949
2854
5655
3201
6542
241
5702
7728
6772
2293
1234
7994
2563
6389
2938
3927
1326
2180
3602
5185
6625
4175
4819
4685
4022
6399
1756
2279
3427
235
1794
7569
7119
6129
2011
4991
7890
255
1800
1531
4169
1210
1408
4896
84
2779
4393
1417
4924
38
280
7567
513
7932
2042
6914
7514
2625
2991
5850
6708
970
6902
933
771
5000
6633
7002
7521
4172
7910
5014
5690
997
474
4782
7618
640
3223
5987
3340
6681
7999
4475
6215
3378
6836
2836
4751
7014
6671
3209
6108
3195
3628
4540
6362
7892
2767
5377
7473
5637
1416
4856
3141
4220
1428
2088
4669
2894
5702
2303
2598
7568
6332
5195
2824
5834
3209
3929
7269
7371
7682
1594
7678
2879
3697
1513
925
6008
219
4768
638
7517
5940
3367
4924
2402
2872
5954
2709
3647
946
5615
3414
7236
7647
2142
6701
5190
4270
6948
714
2447
6432
5780
1520
2230
5448
266
3517
6801
2579
1890
4435
5971
1607
3714
3990
866
3457
1232
3584
5052
7918
6489
2744
4897
4660
6641
5357
2611
2266
5391
4482
1937
4582
4075
1120
6033
6531
5312
4317
2777
1319
7620
453
5076
3482
7522
7105
6671
2166
5977
6538
6188
7501
812
3369
7063
3237
5041
3138
2300
6237
4642
1152
6045
1551
6828
821
726
6001
1454
4718
5362
99
1301
4441
6259
3115
6183
7331
7686
4090
7864
1485
6122
725
3754
2359
5649
7379
6808
3029
659
5782
3929
2164
29
1393
4293
3014
618
502
7392
5078
4275
7917
4381
1357
3343
7371
6872
2117
4140
2939
96
4759
928
6447
3944
7855
3582
4365
5894
5955
1033
7848
6756
5730
1093
5913
798
6722
4658
2244
7995
4213
5983
6613
1790
3367
2203
2063
2281
913
7128
7491
6691
6494
2466
866
708
1235
2838
580
1979
3244
7491
3583
1218
6433
2469
5976
6715
3497
2515
2359
117
6698
7216
1194
5393
2157
7881
863
6995
6398
5521
418
3641
601
4224
2466
3900
2641
284
4560
214
7427
2843
1856
5084
4654
6965
2857
3356
1608
2132
3156
2442
5985
2066
3869
4237
1031
6912
2637
969
3634
157
6087
3074
2018
362
6753
3057
7761
1632
6752
5103
5225
4346
1194
2253
4809
3163
799
2111
3972
1390
2138
6388
4906
6098
663
1298
5483
2669
7913
2178
1100
7464
3650
1623
780
216
1461
865
5810
7134
829
1836
7860
6314
4165
1366
7932
6481
7479
2619
675
7182
3566
2137
3510
5850
6155
1404
7085
6325
735
346
2632
6229
3865
486
3576
452
237
6301
7969
3203
7883
192
6097
6060
4930
22
6699
5423
2562
4409
1767
7983
323
2612
6039
3053
2522
6437
7293
246
3322
2314
2881
4423
1488
7161
1055
19
4446
7234
12
2872
7632
5912
4083
7114
6378
1758
422
3862
4422
2627
6943
4939
1251
7834
3111
5178
3389
3265
507
7881
3575
650
1100
5526
639
7674
1695
7613
3218
327
4696
1461
6732
4392
64
5177
71
883
7715
59
3971
6405
1439
1849
1560
183
4861
3705
7576
4887
776
718
7224
6191
1999
7852
5756
4152
6510
4876
7742
2401
2724
6268
5862
3619
4963
2616
2940
4541
4429
1455
5730
5285
948
852
4703
1819
7
6872
3617
4966
1902
4161
1844
163
1160
2320
7512
7530
801
7840
2026
4747
4115
5221
4424
5003
3383
3722
1560
6008
4162
18
967
6257
2913
6615
2797
4296
2669
1846
7113
2757
627
3462
1146
650
453
2561
6141
1575
4373
1088
1048
7128
6659
4492
5259
6672
7516
4522
7972
1862
7644
7787
6746
5851
3622
5310
7875
2518
4299
5931
6646
7726
5805
6018
387
4946
4650
529
3750
387
7681
2289
5922
2346
6434
1839
6749
4512
6178
7936
6621
136
7494
4229
587
1966
5131
2721
3400
6342
2836
5707
638
498
201
6261
6721
5503
3424
1761
1577
4969
7172
2201
4697
1975
255
3993
5868
2429
7033
3177
292
5538
3426
7741
7860
4424
319
3632
7015
5631
2512
2962
6334
6970
7880
2215
3173
2895
1120
6285
2458
401
6512
2224
2964
2205
1326
2792
7759
6795
4478
4916
744
5278
536
1997
630
6688
1269
2072
5151
6280
4694
6806
6061
2752
4920
467
4939
1999
6901
2456
3979
4309
3699
5338
2337
1504
4690
2551
220
642
7566
1447
7069
2667
4432
4299
2797
7421
7347
275
5838
4979
6533
6630
3129
7457
1546
7696
7927
6397
5687
6254
5622
2496
7032
6524
5175
2808
2488
4859
4668
1230
6612
5752
1325
7022
5778
7993
3400
4628
4082
2742
5852
5292
1126
2605
5104
1516
4301
4495
1971
5274
1030
5143
7065
3386
7323
2567
3097
4081
702
4301
860
3506
2362
1163
5009
4527
1432
7197
2915
4709
1821
4895
7740
4014
6405
749
7743
746
7742
2824
3342
3578
5205
5615
4652
5968
6519
1795
2797
7567
3294
5091
6488
792
3289
7438
4538
4225
1154
2084
1806
4932
6005
4352
3048
3074
7745
2980
4303
6250
4409
3266
4701
501
1643
5
240
7498
4225
1155
4023
6734
6253
7432
4642
6439
4034
5265
2884
6623
3812
2033
6063
6166
4034
5300
5227
6298
2525
5639
4103
4024
161
3008
6223
5612
2737
4571
3809
53
412
1944
5533
3863
5676
2412
1921
3906
2540
7327
1903
3117
3707
1090
1002
5917
6610
3913
6171
1036
6991
1499
707
2932
731
130
5237
6795
1873
7139
2845
4075
4608
1063
4140
5521
3168
2674
2322
4676
4444
2416
7210
7573
5049
3219
4578
5274
3514
1213
7349
3736
1683
4077
4836
3280
6265
513
7455
1266
7258
4868
7694
1716
3956
6467
914
5633
3909
1239
3333
3127
4896
5471
7862
276
1880
1734
7395
1190
2961
3598
5445
3353
7471
2795
3743
5676
1872
3935
230
3418
965
336
3869
407
5769
6569
3710
746
3959
3389
134
5650
2420
6801
4268
4540
2859
5409
4775
4485
4627
3867
7364
1704
489
1556
2990
7599
6367
6297
3810
5208
7329
3624
1904
5928
186
2292
5231
3524
1442
3602
4308
1041
998
4003
7937
2404
831
4439
1499
4990
4235
6409
2152
268
2290
212
2464
1927
3858
855
6926
6973
2962
634
2217
6797
2109
4302
3179
4349
6330
4912
6221
7613
2653
330
4203
5910
2265
6433
3948
1266
5468
1717
6459
249
951
7307
1737
5744
2069
532
2860
3353
1150
2215
1932
6358
1083
7785
2615
2286
2610
1437
6016
3963
1685
3884
5937
5908
2417
685
2536
1592
21
7469
3999
5946
1287
1026
1797
2488
7677
214
5390
1039
2687
3245
3792
221
5251
7129
3157
1246
7596
2
4296
165
2217
6327
5792
1986
6759
4261
1676
2735
6917
5227
6119
6950
4193
3034
6716
424
104
6416
1508
6938
7125
7976
1077
6928
4093
705
2698
6043
7940
3588
4055
6009
5699
7909
2157
3561
2828
2704
653
335
7327
449
346
4439
4557
5334
6806
2362
1396
2374
549
4600
6859
5118
2403
7278
134
4053
254
4921
7354
7316
6300
6106
7002
3173
7874
3802
1517
4646
778
450
6458
5195
5370
542
6732
4221
5988
3474
2342
2895
3771
2129
2237
6448
1739
1323
2124
7844
40
3412
2582
4519
7880
7040
4002
4827
5663
5149
5168
2944
5867
6059
6433
4605
6137
2985
3563
5263
3160
2276
4281
2459
2040
4340
6974
6970
7824
5597
3228
2639
5856
6346
7510
875
2899
620
2589
5922
6581
2725
4097
1583
4342
3699
5511
507
622
329
5870
593
7507
5679
1495
2093
6230
5840
2343
1026
4036
3730
2296
6261
5047
7087
1101
1193
7912
2340
1797
6190
4655
6137
4777
5776
6129
37
421
1526
4638
1454
5519
1544
6924
2858
7629
6234
2473
256
7583
7328
110
3147
5414
1202
1643
5663
338
2860
4457
7300
2808
7426
4801
934
7489
2036
5489
471
3287
3302
727
3883
2045
4497
2416
2130
2096
901
1712
1392
3067
6223
4172
1452
1612
1690
4166
1189
2380
457
3361
4910
1265
3301
2592
7597
5382
4498
2236
1373
3863
4811
2116
6881
2623
7137
831
1768
6690
4019
6797
6531
7188
7015
585
7251
3456
3442
7676
7135
6726
6789
6109
6672
6517
299
1604
5973
3951
6091
4178
7724
1399
7735
2044
1672
130
3828
4983
3374
5880
1100
7817
624
1301
2497
6454
4124
1668
4903
4231
219
4814
5087
2413
89
5878
7030
3194
5901
983
737
4617
2170
1283
1950
7541
2817
4759
1381
6614
5482
4274
6076
3103
6159
4750
840
2852
361
3491
7808
466
2049
4687
1083
5901
2366
1966
5383
780
5119
2693
6539
5333
6385
4481
6362
4923
163
3966
7765
5877
2515
4358
7459
1187
416
6248
7529
4553
6238
6590
2159
7242
4705
157
5595
2567
410
3744
485
3228
7902
6118
6958
7840
2120
2140
915
4558
2298
4091
6884
310
301
7886
5572
1137
548
2998
974
248
5742
476
1313
13
3453
6650
7934
3015
3951
6757
2186
5808
6100
961
2082
3861
4840
5238
2224
7943
1877
988
976
5412
5520
2174
2179
2611
2236
7228
279
4346
3031
2970
7185
6467
2309
4083
7836
2634
3886
6801
2339
6622
6566
7863
6939
7329
4112
2493
5637
2345
1654
7328
7746
6322
3575
3980
75
4664
5352
3065
4498
3076
6452
5204
6269
366
7372
896
3968
3141
7711
3733
1768
2204
3018
5020
6670
3144
1963
3275
1007
6774
5715
6699
615
7396
1730
881
1058
6116
1635
4462
341
6214
6972
2982
7381
4001
5608
564
1225
7204
5105
5076
3643
3539
7049
91
4477
151
4159
5631
29
872
7154
4602
6316
5979
1055
4576
5038
5203
891
6688
5215
3215
427
6899
7220
7593
2009
7866
1576
2819
6933
1100
3038
2877
4109
3186
5207
2686
1111
6380
7418
1173
7890
5150
6465
3041
833
4632
5152
6502
7706
7159
1714
7792
5060
6244
6631
5217
7972
2862
1880
3586
5533
7741
1031
5328
2934
3386
2672
788
7759
6202
4561
6945
4295
4406
6168
2966
4599
3150
5583
5271
6978
2205
5725
3673
7339
6354
1661
2861
3995
5
6084
3420
1842
4648
2550
3816
3940
2560
4829
776
3235
2336
7883
7956
1933
7510
6267
1252
6894
3845
15
4459
113
7772
5939
2150
5714
1919
413
3584
7520
7955
3190
1186
3862
5846
4718
7802
4317
920
4127
7486
5115
1399
4774
7036
4172
4805
4797
5484
1469
1155
4883
349
5691
3237
711
379
1462
3694
7511
6405
5539
496
3970
424
2519
450
873
157
2634
6261
3399
7060
6682
1494
3104
3999
7220
2797
1708
3201
3106
2565
3526
4626
4277
5551
2140
1571
5635
1445
7309
7026
6331
7844
1377
3272
2527
3130
958
5994
1299
3261
3567
5820
2275
7536
7948
3313
2631
3975
1809
5821
6015
6864
3503
5761
4042
613
2754
3366
1577
5651
7108
4927
786
7505
7929
4204
5540
3703
1923
4529
535
5859
936
5894
7498
852
5982
7797
6284
4791
1316
5687
4256
7213
7580
961
2120
5889
2528
5264
7820
3932
3433
7054
1968
3072
4333
2727
1234
2481
2702
3135
6986
5046
7520
5647
2055
5934
6367
4531
5033
7900
7838
4805
7891
7851
6413
1849
7692
3644
7597
7022
6498
2000
4825
774
603
3407
7908
5086
949
7259
507
7026
207
1025
7814
7168
4211
5624
5301
1069
7375
2288
4189
6677
545
7760
7852
7694
1186
686
3161
4096
3987
4823
3936
456
2839
1824
7782
799
6059
5229
169
3379
4890
1688
4632
7915
1419
7198
1964
3057
2199
6601
7519
228
7921
4732
4670
2424
5127
307
5296
4459
424
1935
5634
4885
7131
3717
5956
5815
4032
3
5597
5957
6946
2090
1600
7769
1754
2822
2472
52
6365
3785
4459
976
1171
2145
722
4967
1311
2013
3508
900
6847
7682
678
1793
6380
4970
6603
2061
7648
6523
7848
272
2050
2282
5658
3671
2133
2206
6956
3712
7743
1919
6145
4104
6269
3595
5272
3578
659
2667
4179
3848
3415
86
6121
4290
7411
3375
7801
4055
2451
7570
358
486
291
3278
6434
227
4005
4338
4642
499
6620
2775
5452
6259
1830
6029
5943
1227
2989
3125
6313
2526
5491
7063
5928
2228
2276
3307
1561
5027
327
6734
6179
7343
1953
4407
5768
4412
7106
6342
958
696
95
6723
7489
891
5410
5008
4254
826
1664
613
109
4205
4524
7125
2174
3508
6992
2517
3573
4468
6696
3227
1428
1613
3038
3536
6328
6351
101
597
1648
5118
7894
2489
3962
6454
3249
775
4263
7519
4894
1314
3351
1579
4291
4608
2237
3150
3725
1641
1965
2754
6877
7283
3599
7623
1135
3100
349
3969
4296
1429
1973
1387
1804
3040
3490
6593
2110
7799
6900
2887
2070
58
1404
4679
628
3966
5480
5001
4360
2430
1421
6065
2396
851
3200
7133
1356
4366
2817
7101
3676
6464
6218
4775
7335
2618
2479
7391
5946
431
684
762
1115
5105
7309
1081
4360
5200
3848
342
171
835
7712
7261
7151
6536
726
7472
6136
404
5806
389
894
4283
2553
3369
6454
2945
1685
2600
1491
3609
558
6635
4168
6572
413
5442
5898
6043
1689
3174
6829
4195
7907
3849
672
5714
6252
5088
6222
2607
4986
6785
7959
3314
7394
2311
91
5775
1022
2382
2644
2272
322
2511
3200
4768
1409
6625
2362
4255
2174
2673
2373
2152
6222
5026
5035
4511
5651
5708
4843
5717
628
7527
4375
1518
5663
5632
1102
4854
5166
4136
4835
3296
1399
6017
3477
5884
450
5229
32
2882
6361
3001
7527
3095
6342
2934
7544
1128
2590
5933
1679
7828
3532
6945
1435
1686
3424
248
4196
5481
5001
2879
5133
642
2922
2855
3030
1842
1495
4513
5796
5632
4686
2556
7885
2062
6072
2675
3611
7713
748
5058
1100
7674
6066
6901
3149
6902
5901
6096
2211
6560
5550
4457
1187
3532
6633
5496
1103
3938
2746
3487
7115
2242
5661
2562
6777
5694
2589
1716
4928
6990
7596
7767
7941
1449
5191
2771
5725
3216
743
5276
3992
1568
2710
7245
3961
4085
6359
988
7942
2559
7736
6404
1188
2186
3255
1645
4231
6754
7882
4005
3412
2679
6954
6830
4510
1118
6703
4698
1383
3383
2269
601
1889
4188
2579
3355
4712
6324
2474
1018
6388
4254
668
2822
1468
830
5119
1434
2160
3270
5284
6094
3926
499
1950
330
5440
308
3900
1989
937
417
5358
2211
4227
881
2665
789
4344
7824
3889
7008
750
7396
5002
5450
398
6568
1036
3524
6488
2568
7792
3084
805
6603
4171
5395
7988
2169
6361
3745
4868
467
7140
487
827
2348
1415
6629
6850
1123
2195
2208
266
701
4495
5693
1622
6221
2066
1952
2667
6764
2858
3260
3074
4895
1782
7193
7053
1710
6217
5271
684
422
7134
7835
4786
777
3804
7334
4679
2714
3586
379
1428
2947
647
5718
4238
7364
5293
2009
3624
551
1127
4371
5302
3959
3026
657
5309
1469
4721
3578
6003
7617
5290
4575
2770
898
177
624
4460
2886
5356
7854
1987
1117
398
3790
2867
3973
2362
3504
775
6530
294
5491
3884
1545
4204
966
686
2038
7748
138
1204
4125
2087
5715
2257
832
319
1368
4852
5921
3090
1648
5602
5650
7443
2061
879
3564
6078
933
1471
4548
6031
1460
7477
2166
7394
5836
3881
7097
7470
6582
7780
7870
4167
1397
5236
3417
2546
5518
1647
7178
3056
4083
2336
5217
2395
695
3141
1444
6950
4695
967
4834
1559
4378
7590
3784
2567
3787
6976
5494
5015
1436
4577
3531
6299
5176
1281
2450
2504
7480
5123
5121
6037
7963
4947
2057
5674
4763
4599
7025
151
568
7375
4023
3838
2422
7218
809
1670
7842
5498
255
4577
866
7492
7408
246
4571
4658
5796
3881
6682
501
2274
3153
7015
1033
2419
6696
4664
7501
5838
5173
6854
4881
415
5069
4845
280
3108
5231
3331
4629
7916
952
4082
7259
3642
6307
4064
877
7117
189
3356
6985
1986
7917
3349
6324
451
6024
2140
7833
2488
2287
2108
2462
2178
6194
5667
3640
7827
3278
2649
5626
6400
1045
6085
274
4144
3443
2372
6324
5618
2641
786
6981
7929
5468
2236
7518
6597
3583
3855
2709
7788
620
7222
5566
3208
7295
608
3865
2355
2309
6109
661
7831
3349
6533
3522
3456
3783
7190
1113
2158
767
2273
5368
7055
1040
4900
7859
5100
6798
4959
6825
6390
888
2127
6996
4909
1972
6029
7011
7863
1083
6985
3918
6389
6514
4874
1657
6668
2050
6455
7608
7952
7054
1481
2575
7275
807
6639
3810
5640
5280
7870
4141
2569
5300
5486
3782
1121
7191
2443
338
2517
1627
7337
3143
6633
499
3434
6496
2554
4209
2844
1791
3831
4426
338
901
5082
805
7825
1548
5286
6253
6172
164
3234
6906
2108
6737
7982
7508
896
5384
6093
2400
928
141
5578
6007
5976
4010
5656
4528
3355
3149
7122
5177
4120
4755
1484
7665
1698
2016
425
5207
5681
568
5278
2412
1950
4567
1920
5011
7279
7021
5945
7975
4421
3642
4084
3069
1586
842
4016
6757
5565
5250
3955
4459
7721
1200
7904
4955
4308
383
4163
3061
7743
1654
1871
3970
5421
7322
2509
1656
7846
6415
3318
1670
4330
518
3057
5472
2759
200
3543
1445
2461
4363
6253
1510
4682
486
3046
258
4744
1683
4462
2575
3257
1783
1799
1369
5000
1075
5460
6534
7980
2508
6533
1565
392
6786
6609
1231
1889
5029
4475
4427
2248
5357
6835
3817
1400
3524
2153
4448
4624
5303
648
3152
4467
4950
4252
5393
901
4053
5365
4472
7925
3930
2370
2174
2126
3239
2094
7536
4271
4462
5044
942
4223
1416
7599
4013
3017
7840
4196
4564
5806
7299
6606
3236
1323
7827
5553
2308
3299
3557
2833
1614
2694
3325
6363
3342
5614
778
4646
7196
5185
2626
7626
5144
5502
5436
5796
4363
3247
5288
4214
3177
6512
5633
7364
5054
5615
1199
2868
7065
5427
2676
5620
5097
1601
7156
1082
2850
3463
891
2826
4123
7032
3564
4335
1524
1867
6967
5329
5826
7111
7733
6034
382
3818
1395
1511
734
3943
2769
6506
1585
626
5256
2709
6849
5571
6186
4380
6494
5313
6332
4130
6569
1829
341
5160
5565
2511
6176
4414
833
6975
5658
546
1957
4944
3985
3930
136
3796
3198
2457
1879
7580
4737
1275
5804
843
7281
6053
1066
1197
5503
255
5704
7817
4976
5457
6596
787
4414
40
7467
5257
2796
1282
4155
2018
245
5519
4908
4774
5142
4263
497
2569
1600
5043
3798
6076
2491
1370
3113
4362
3090
7663
6752
1366
6689
7651
3027
5592
108
6506
702
7573
1258
4091
2551
7774
7314
2065
5788
3050
1677
6233
5466
7625
7781
5495
5365
4689
767
3462
6812
6373
7760
1681
5267
6270
5936
4341
3570
5574
2224
2152
4434
4119
2838
1651
2050
7541
6944
5648
7810
4758
2559
7104
867
3321
2854
1228
5412
1814
1950
5415
119
3910
468
1141
171
2831
6249
4258
3976
1878
794
1815
6739
4583
5093
4163
3129
433
1293
5515
3829
6871
5124
5061
6034
1525
2142
5161
2529
5042
562
6492
4009
883
4460
7166
6631
6661
5025
6396
3898
7057
2343
4984
7515
7956
2176
6280
32
994
1539
1063
222
421
4981
4214
2659
6353
3848
1929
2157
4823
7603
1486
1050
4270
5588
6029
5638
4634
1380
6602
3185
1531
270
6100
5471
7869
4349
4447
6338
743
892
3658
5194
1858
5995
7302
1522
3743
4568
6518
7167
4307
2821
904
6460
3614
7622
5856
95
4266
1275
1086
4871
2431
7168
3963
6657
5193
4174
2066
7035
1190
5998
4226
1723
4168
4803
2692
1834
5361
4861
3199
1613
5423
2041
4973
3111
4258
2894
4869
3860
7916
2274
6144
1430
2120
1204
7945
1877
2451
7879
822
1306
2322
3465
6586
7307
5014
7202
3054
2668
1666
5667
4956
4183
6325
7618
3202
4142
5813
6699
2519
3918
6256
849
4590
6447
3597
6216
5648
2254
1562
4299
5069
2460
5737
7200
1943
6290
7165
4650
2003
2392
1663
7473
6060
1812
3638
4384
4406
2406
3463
7140
2954
7300
1765
7663
6651
7709
6814
6263
1905
2633
5434
4680
1628
5056
7180
1368
6068
5838
1533
3439
6546
1346
2321
7589
1012
5826
1480
3513
2787
3975
5134
7447
5274
5288
531
4676
1215
3562
6675
5203
5744
1439
4546
2691
3492
316
687
6037
3548
3455
3369
5353
7858
6969
1098
4222
1830
894
1379
7419
3960
3861
3398
6807
149
4965
7810
4362
1485
3343
7291
4421
7931
2830
5613
7454
1957
6972
2444
4407
4528
338
7991
7181
7326
2574
2804
6918
3614
462
5644
5943
5853
1356
1118
3829
5108
2060
3722
5995
145
2708
1989
144
7333
2443
6825
2111
77
4796
7941
5667
5745
2002
2537
6225
3759
2156
4439
1055
6932
5514
520
5833
3550
6605
3125
3583
5753
672
4314
277
2669
6277
3597
2198
2615
6503
1040
3819
2598
4504
174
6779
1872
145
6378
2877
443
5336
4283
357
5064
5884
4684
5647
2294
5684
5495
7560
5574
1383
3417
3107
4999
6732
3043
2171
5205
2307
5919
6474
4489
3194
2514
6315
7972
7268
4175
2355
1376
1584
244
6360
6172
6720
2780
2288
6680
6346
6899
4090
1501
911
2259
2484
5800
7518
1731
5995
1395
4476
4019
1332
6474
3456
5889
4584
7865
988
4237
7272
985
7306
7286
3593
4445
5616
7871
5277
7266
4229
5221
3533
7563
249
5897
4415
4501
3073
2469
888
5146
433
5725
203
5095
1727
6484
6908
5971
2348
7034
6404
5062
3315
7373
6313
4120
5011
3707
5116
5282
2284
1328
5399
6794
1492
2781
3340
5542
1119
2891
7090
5931
7236
366
3551
7896
4243
398
1589
5310
665
7887
6416
6285
1246
6344
2003
2165
5682
3140
3829
1174
2360
6966
1185
3677
7834
636
3818
5699
7661
3585
7565
7315
1855
782
5780
3252
4269
3240
1080
2217
4995
2413
2750
5122
4871
6527
442
3549
4060
5339
5592
6810
928
5916
5833
1926
4130
1671
5140
2071
1107
3645
943
3758
1333
2192
2173
2930
3996
4231
3873
5092
4413
5817
325
394
35
3073
379
4436
2579
174
3636
7447
4998
6074
2137
2999
524
6063
6183
3152
7147
6470
3878
4647
742
5003
5125
1240
60
7154
6093
24
5741
5095
5198
7939
3549
3320
979
3515
1755
6905
1085
6730
3233
3906
6131
6124
5727
4784
4395
6302
7653
4788
4008
7835
5066
6120
6098
1343
901
4003
4813
3517
7516
1687
2557
4539
697
2479
2205
3125
4522
29
3415
2961
7724
2777
4730
4239
6409
1679
5669
5908
5654
2919
1996
2131
7465
7418
5798
849
2567
5187
1470
2388
2156
95
919
5118
572
3250
6921
356
2486
2617
1441
1139
5331
5919
2720
7832
7217
6783
6582
3477
871
4620
3738
3546
2063
3759
3805
6278
7229
7556
5984
5738
7646
6726
4276
1888
3770
5674
639
5377
2395
2912
5504
4395
7784
5555
3982
617
1363
4565
2616
1250
5617
1808
4835
7545
3554
7595
4211
1513
3395
6773
548
5946
117
5895
5168
6270
1466
5176
3953
4059
4043
7209
5451
5641
2802
2793
7836
5144
6558
2926
76
2809
974
5839
2198
2942
5500
4872
3153
3223
2529
7681
6985
2539
657
644
1059
7393
564
7388
4777
4553
3122
5924
4814
3551
929
1210
2146
5188
175
3991
1214
360
3441
2009
3797
3847
6831
4672
6049
757
3434
242
800
731
5064
3383
2448
7876
475
7623
2726
1698
4345
5416
1641
1044
5506
2128
1627
5572
4269
938
534
1818
1717
3568
3862
1568
4099
5993
3993
4627
1862
5319
5886
5846
3804
2407
2409
5682
7280
2522
3849
5877
4421
2340
6593
5573
4271
6794
7910
2887
1391
7479
5432
1859
1415
6672
6411
3642
6094
106
1763
4140
1698
4230
4256
7183
4158
753
3513
4555
1132
7774
6999
4241
1925
3518
7025
1279
7151
6963
929
5725
2445
5010
2993
3508
3482
407
7960
441
4590
1138
1649
2710
1072
6883
5007
4242
721
3919
1292
6276
7747
1550
3221
2115
1177
1645
61
6582
6033
7891
3970
3674
3092
4976
6287
2853
1017
1423
4410
2148
6742
1011
4926
3943
2164
4185
6413
6578
1222
4915