5771
5520
3271
920
4607
2731
3670
4132
547
4537
1832
368
4012
3576
1897
5179
1994
202
7770
7483
1485
1253
4319
3379
7535
3749
5021
6711
3587
845
5119
6974
320
7144
7696
4459
6636
7462
6004
4816
4534
6755
2016
1021
1853
7311
6528
1785
3772
5116
7021
7819
5707
4932
6016
2503
3827
6252
481
6406
4285
328
5403
4368
88
3825
7276
1606
2331
3306
3522
1718
117
7317
5581
7185
6261
1459
2877
7063
106
2775
1993
7479
5253
3527
811
1441
798
6480
3583
5960
2740
2409
4845
2016
1684
5329
1513
4178
2912
7292
7393
1696
5224
5234
2693
1786
3554
1434
2278
3807
7968
1338
1114
5113
879
2233
1392
9
7811
789
2350
5635
1131
2639
4292
6501
5501
3060
1512
3795
2178
2744
128
5073
2822
3152
1384
1809
812
7014
5392
1577
2678
6090
3618
4664
5303
1213
4401
5022
1659
3263
3631
7832
7844
2171
3797
588
3416
1629
2295
6997
2010
7920
7436
4743
6266
5
4514
1149
1447
1231
4529
3612
3331
2
6128
288
5475
1692
6975
5558
7915
3557
7838
3675
5305
1836
1132
3234
7790
5407
2790
7692
743
3105
5248
3106
1374
5165
7180
4563
3288
4198
2685
3186
6741
7049
5654
7163
4291
2272
4267
4640
6362
3596
3895
5255
6022
198
4807
6788
5015
1185
2430
6755
5062
1277
3485
4430
953
3453
4674
6437
5045
2419
3175
2801
6556
3770
479
2813
7041
5389
466
7690
7760
1036
5029
7860
1965
3749
6756
5379
6446
3009
5627
6197
7457
1812
5151
2092
1213
968
3519
3764
7262
626
1652
7552
3347
199
6967
5257
4144
7102
747
6829
5757
3175
4761
4942
2206
5621
6975
425
7828
246
3847
7163
3032
7627
5992
5700
4610
7160
2745
896
4148
6098
7615
6978
4422
283
5406
3889
600
108
1099
3416
6239
7
1575
1054
2186
2736
4953
1304
2715
3811
4285
1739
5577
3250
3735
6529
3038
5046
2353
2734
2734
1414
7378
4946
1382
5181
2212
2524
3014
448
4264
2949
3614
3588
4417
7384
5901
5128
7862
5395
6989
5475
7498
13
4819
1351
2243
2810
4920
4708
5676
2016
5125
1821
4657
1027
6936
1424
68
6828
5890
1023
3995
53
653
3396
2378
6369
6354
6155
6468
6877
7293
5218
7113
3931
2040
2117
3122
2233
2548
3238
6385
6908
3202
5863
1557
7937
1523
7775
7860
2657
4742
5572
6332
2012
6863
7187
4151
7154
4748
286
3063
6903
4187
4210
385
5252
2891
4607
1057
2029
6128
7339
6822
6478
4137
6685
7325
3580
5407
1600
5329
6892
7378
1944
3079
1103
1224
6020
2756
4641
5712
2624
545
3874
5824
3603
2223
7822
1837
3791
6315
3189
6626
3814
5043
6207
301
3978
2536
3234
4518
278
1772
7182
5242
4680
835
2727
220
3563
473
1365
6584
922
1699
7277
3514
734
5041
294
322
906
4652
5650
1523
452
5461
3458
7431
6511
6385
913
3474
4377
6621
4910
2332
5719
1148
559
4278
3618
1729
3124
4371
1196
5545
1558
6916
5134
2883
7355
4
7255
6235
6962
1305
6458
6316
859
7363
878
4263
5319
6590
2464
3760
7437
7719
4170
5027
1232
2528
947
4797
4486
3863
7511
3077
5417
3592
3064
6569
1863
7978
2857
3335
1964
814
5702
389
2140
6425
2971
6206
4309
6890
7881
7961
4527
5771
7726
1903
7100
4474
1114
2882
4964
3794
7444
2716
3224
4488
5349
6710
4022
2119
5388
1185
3055
4656
6496
4239
2118
4172
4241
7968
3977
7783
1435
5136
3614
929
1892
3982
3839
6008
1045
2299
4888
3004
1438
3881
7990
4851
7747
3457
2801
2479
6622
3060
5325
4801
4796
4735
1875
5315
3015
4145
6401
2510
7715
2336
344
5696
3650
7192
6340
3520
7173
4345
3899
4080
850
4993
3384
7568
6836
3252
451
5937
6856
4716
3648
4404
6659
4467
921
5538
7605
6406
6360
286
756
3907
6368
4783
6602
4968
6946
6488
3280
490
4060
1955
1310
1912
4595
2777
187
7009
4223
5875
5607
209
7381
3184
2417
6976
586
2607
2449
3818
5810
3565
5467
3824
6270
2909
7920
4502
1264
2324
6450
1931
3482
1359
3520
4503
858
1611
7276
2502
7512
3533
5869
3843
5823
6975
3153
5935
3857
2311
6125
4542
1333
1620
7180
7843
2583
5504
2428
2243
6784
2281
2154
3684
2841
6555
7848
7772
3325
252
5009
2722
5263
6406
7466
1815
533
1573
780
7591
2638
2732
5527
7743
7505
1172
6199
7632
1876
4732
1301
5244
5424
7863
5159
1444
6742
4304
7841
1029
1031
5109
1403
7715
3568
6749
3627
4704
5560
4982
5080
6412
5165
217
4341
475
3404
2657
4641
5121
1142
7438
6093
2719
2594
4030
5620
5726
4414
104
7648
5869
527
5209
2568
4053
2831
195
4495
1294
1040
1929
7143
7834
5565
3391
5762
6915
5547
2020
2814
5507
7199
6972
3266
1429
1590
2773
3867
5331
7880
1805
7830
4224
4638
4342
1115
2498
6732
4710
5058
651
1066
5443
1460
1716
433
281
2344
1172
4266
5221
7105
4994
7583
5490
4528
1611
4347
4156
6232
7751
5623
170
7564
4666
2700
2056
4799
7447
5771
5985
4426
5233
2373
4152
2350
7251
6151
6830
742
4093
5432
1294
5599
7433
4254
4108
3884
4551
6392
5381
4158
7369
7090
3952
2453
638
2536
4339
2784
2607
566
1202
5287
7921
7386
6922
4398
1521
3344
7817
7040
717
350
7985
1455
7785
3659
5225
6804
3971
6902
5275
3685
1517
1195
1018
3527
1649
4824
4597
5754
2600
6507
1241
2511
7989
6638
4718
239
129
3446
6832
6116
3734
3538
7595
5409
5875
1732
446
3643
4264
3410
60
597
7672
586
2641
7885
4372
4174
7643
1888
5481
5325
6053
1419
491
6221
6751
5322
7480
1058
5382
4807
5108
1347
2321
4507
4914
3665
1050
6095
1601
4528
3853
2037
4826
4633
3108
2045
2253
4108
4891
2288
7391
5455
7669
1054
6264
1009
6027
407
7710
6422
5656
730
4744
2132
3635
6052
5945
7768
7566
3735
6405
2420
7556
3429
2385
1195
6126
6481
1234
4102
7464
5762
7044
7735
6345
7730
1235
4908
3630
4560
7519
3282
2861
6067
54
7350
1401
2601
7261
4151
6408
1476
5132
2279
6293
2969
1397
1181
3176
2148
3022
7232
3059
7446
1653
3640
4755
2482
1070
1626
6257
5005
2173
3655
2104
282
815
3264
3502
6004
5592
2586
200
4120
3096
1838
3946
4105
3356
7462
3570
2619
4366
6659
1289
4248
7556
4949
301
6532
5661
4460
897
949
200
108
138
7505
7604
4389
5710
6683
64
8
5340
2995
2429
6713
5131
7352
4734
2601
1465
3813
7611
7659
268
6921
445
3403
2294
5791
2412
3617
2149
7395
6673
2021
1146
5539
2167
7499
5908
5102
1093
5190
5041
210
211
4119
4073
2761
138
29
5651
657
1369
2855
6677
4608
7020
5872
1843
7573
760
5572
1730
3348
3019
6855
3104
4695
1730
7777
1527
2589
5900
4279
6735
7847
4337
3801
411
5624
2944
3359
4143
6415
7921
7291
4700
6920
5148
5924
7463
2359
1131
4718
4615
3235
2398
6445
6301
7353
6740
1362
5290
362
5105
4995
5789
5482
2948
2410
2555
2526
824
3590
1622
2818
1874
3138
7321
1912
7331
3131
5604
2163
5935
6922
159
7025
3188
4608
6193
1715
1312
4663
5465
2416
7053
4590
3484
6579
1640
617
3560
1251
2507
3106
7247
6374
7413
1176
3659
2619
1878
7261
5729
1237
1173
4295
6140
196
3333
6907
570
5477
6895
3307
1151
7144
7730
1061
3285
2650
2778
6205
6319
2156
6597
2012
7444
7230
7814
1777
2971
2334
5652
3222
5259
3941
1060
1907
2480
2748
3931
7037
3707
3016
4402
4272
583
1903
7826
2789
1869
674
5489
5438
7625
5816
6431
5234
5860
6263
6773
3033
3657
7930
943
1118
2830
7251
6368
3520
908
5912
5932
6104
1408
1921
76
3750
3330
7630
5117
792
2671
1488
7237
1645
4313
870
5730
7049
7243
3874
3152
4072
1296
3159
5210
3809
2335
4259
4119
7298
4596
6447
7653
363
6105
6200
2227
249
5059
5798
5800
7516
2983
7654
2944
5642
253
6011
2031
1139
3125
7753
1033
738
6447
4879
517
6016
2446
1221
2146
455
1482
5897
2264
1255
5106
3839
3755
558
3944
5971
6329
1479
3626
3510
1511
5659
83
2816
4078
1934
5676
6679
6819
4446
3669
2144
3352
531
6805
5494
5400
2549
2704
5400
3520
2138
1191
3009
875
259
3344
6457
5417
336
4545
1507
7167
4095
2591
5841
3797
1694
5897
5664
558
1004
1165
62
4869
1945
5454
4545
4676
3074
4013
7764
3428
5025
5532
5637
2806
1834
6010
2119
5304
7706
7411
5121
4747
5991
4317
4190
7634
1538
5009
4568
1897
5973
164
7431
4432
6859
1624
1733
4998
481
2724
255
487
4023
5977
7693
5634
7890
848
2787
1875
6266
7592
1410
3044
2126
3096
3054
5585
4927
5426
7474
7515
4801
3074
2374
4199
302
2414
524
2337
4891
4071
6526
6739
6587
1367
109
2590
1722
6837
3024
6311
6549
5430
2772
1187
194
2238
4262
5527
7652
4839
3387
7969
381
323
2078
7737
3981
2412
3995
7565
2783
6578
6193
7318
6911
5663
1635
4662
3719
3064
7451
3287
6693
4708
2919
7142
7705
2343
6836
3432
1877
5668
19
5076
3616
7802
5361
1199
5141
7778
4074
6202
1709
5476
5887
5293
518
6873
280
5233
4618
2626
2909
7575
84
3346
5921
7733
1602
3978
5111
3594
1658
2525
114
1058
3091
481
6629
304
2007
4662
3100
2162
2717
7792
1661
1464
5710
696
853
4425
2239
3531
3140
6578
2058
787
136
5263
5590
6456
6277
2491
5846
956
1441
3554
4615
6682
3825
593
2657
1856
484
3990
3210
2999
2982
378
2456
6786
3196
2726
2186
6673
7205
5356
723
3245
7607
6096
1352
1709
5612
7268
5593
5563
4031
5119
2677
7511
3601
5492
142
5916
5142
4740
6487
4558
854
4514
371
7340
7103
4672
3722
7949
6954
543
6091
1891
1668
1930
638
6529
563
2967
5427
5038
2582
4151
6742
1129
4163
4525
889
1181
5142
3024
4889
5634
7621
966
3983
2982
2159
2947
4566
2746
1292
4951
3412
5893
353
3148
4587
5544
5606
599
7049
6123
4923
2322
5494
1504
7179
4931
4736
5861
6344
45
5787
4706
3933
4549
7444
7055
5430
6023
7348
7359
3364
6336
4696
7806
5780
1024
3176
6559
1669
1533
2706
6599
7594
1266
2222
6852
1446
1727
6733
5021
1967
2717
4035
314
4756
4223
4108
2209
2185
7096
4480
2608
6117
2335
4446
6186
3811
4946
6174
2812
5418
4422
938
3102
4784
5991
4859
4978
4337
3973
2468
5970
6248
3595
7222
3397
2374
1583
2363
5010
4811
1840
3742
1549
279
1176
1402
3909
695
1239
3155
5570
68
6938
718
7361
4206
3837
2481
4850
418
7029
2803
2728
302
855
3721
3943
5111
651
6357
1470
1148
1827
7050
6518
6214
6157
2955
4315
1186
5943
7294
7280
2716
7618
2266
6194
2031
750
7390
881
3663
3947
7450
3665
80
5237
1818
3070
4774
4094
4216
7825
5961
6371
7443
3255
2433
5588
6043
5640
899
5015
631
147
7260
4315
2797
436
7171
3687
1226
2600
6484
3997
2719
7224
2761
1880
1881
5376
1588
808
478
2782
2883
7780
7654
5129
2165
6471
1356
6531
2994
7544
959
3167
6318
7815
5234
480
1133
931
3370
5615
5351
3509
4684
5902
4259
1542
1495
2731
2066
3339
1986
7776
7779
3928
3486
6364
4188
449
1146
4687
928
5467
2164
6928
2087
2985
2854
2679
4200
5549
6656
7008
4927
7262
815
2074
1204
2193
3494
7345
6079
7526
2890
2610
3364
7830
991
7064
5562
2054
194
1286
5718
7274
2709
6290
5334
6934
1044
3900
191
263
1138
6753
4058
6662
4809
7968
784
2748
72
2985
7886
157
332
7621
3167
4949
2626