152936
387461
381708
209837
347080
168128
482381
240337
284625
113323
382629
179631
21807
245674
165863
104090
134669
232520
285516
453759
329343
424330
125689
202876
353878
75363
437971
220745
135329
337368
387984
349982
108829
282455
215715
362199
328122
488474
203112
445073
266964
296353
360514
445277
325535
31818
255425
447821
436453
493506
261892
390090
114470
102049
145456
91191
23253
41182
401579
179066
4140
285788
86985
345102
81998
150345
91812
434780
239862
301142
236095
286352
123815
437332
433442
95706
400770
41222
97309
136427
401013
23667
11188
100381
126244
446531
450931
244569
258157
296915
300978
403305
255023
380395
266393
84880
310632
425578
369766
35448
447398
100684
131545
69960
427239
319852
339928
173470
200046
309750
407250
465483
490092
44186
403566
327896
122135
386396
101994
456839
491169
488955
59
23011
316092
445807
454591
223249
129486
315702
370089
219647
440983
247501
70822
415525
284098
435712
424143
56641
290063
259818
377100
432462
243124
97390
244279
128914
22996
124671
217850
139116
452767
198917
280644
152521
153087
311401
271217
289258
330764
97660
147793
477027
471608
197613
191402
125537
186484
101549
51024
111871
362816
222616
443825
469889
291265
11973
455456
490360
425328
403602
176653
51758
214423
176908
145346
82879
348951
330288
497283
98520
246068
457429
90240
55972
326962
194975
451260
240084
453324
131299
33298
189537
206700
257267
368352
307404
235884
200863
62580
469192
186254
33944
20372
427885
311478
125469
244988
413948
332142
214332
233865
360908
291238
332325
473020
73822
313099
380548
272074
453959
95356
472381
239628
304074
148116
232303
187592
363839
473143
351907
267075
402124
119111
487285
10189
166845
385746
295929
74246
98726
473122
426444
477187
316257
86259
213939
459792
82666
271603
62448
7111
162549
425850
130533
307775
438392
300380
467369
82296
348076
297350
296033
301007
102215
105549
114018
153259
427627
300517
47464
166685
71975
131188
237114
243150
387529
166242
324048
198503
226772
351845
454291
65875
141184
349786
117916
135490
179908
204446
84318
205978
499528
282952
169819
282282
379605
156193
257991
251969
437896
434442
364121
495982
217537
223914
268856
54856
392419
466615
151697
489173
105618
206554
295711
397732
466323
261330
100890
432325
148889
54376
93987
33230
476253
358253
373344
81394
301104
340895
485818
166318
52593
396502
194284
385238
94568
168996
302220
238585
419238
370625
223733
35946
50253
380922
220303
206797
346575
79462
224924
172033
239161
163375
29751
329537
72915
246322
253990
297449
107771
58107
67762
461977
314000
421573
28864
215249
476665
346003
122498
292488
266752
455313
371215
114304
8255
166925
172145
463670
353624
245525
164143
288077
208482
40569
59660
173191
257147
197382
72568
209651
81889
251681
103350
154806
325284
499640
65640
308143
15999
172148
69018
273365
450764
481647
132576
81122
27908
121674
393646
156620
285823
173390
159053
53498
34100
205558
309881
319032
457906
474839
68400
178032
209097
373908
101199
146980
245775
34032
137852
194446
54736
47369
257199
153134
170226
244224
383385
327075
495648
195591
82263
347047
476380
233442
311057
193532
346693
416681
270638
436420
241991
423671
279283
332663
450873
78322
112939
219565
253333
339081
117456
369179
367344
80157
496795
24652
445611
248930
481014
174799
113517
41232
367347
245979
445140
151736
357673
96949
450834
135942
368256
224592
200819
197992
3517
362232
125807
282822
397529
13080
474633
187630
353243
381282
416507
207919
364847
91300
150217
427025
172814
85461
426189
473593
328792
63410
155747
84464
449320
105419
379959
212502
357170
271346
124009
386066
22049
479365
99206
90751
156168
201745
119151
9909
158134
441795
137571
27532
19008
300577
165628
397415
56071
271219
95377
418515
135912
284894
479775
286679
51851
497801
80807
281342
410543
359796
36618
404875
40078
431017
377622
23437
302436
136872
337713
368707
229262
363517
453851
314441
37041
99118
377587
24602
53267
182961
20568
382630
356723
95846
124068
356127
235371
81753
279624
389127
150351
455726
1704
146562
361140
29859
322830
352811
1493
237593
122191
88108
360800
89543
228574
273629
448430
431431
322515
50150
356825
341046
178578
306773
423062
457813
264668
391296
134062
286358
52718
423548
314759
296943
132284
321150
286738
15241
147016
94403
233787
154915
223866
180665
325796
296377
125040
158574
126355
475202
284079
450353
487832
97914
280390
86283
463029
480723
269261
292905
455433
269500
124693
235394
8209
397057
85122
241825
171382
362851
416011
64960
427259
45817
28392
596
249680
479971
210782
199684
90650
476878
20053
282249
361237
64775
235566
309405
295496
264046
445067
55934
196134
68455
317693
194913
440296
36281
490629
26405
211557
291803
371914
371808
205583
384549
82179
209312
61413
210445
52508
240060
165934
306842
479540
6115
475539
409734
348914
163201
208056
4615
248070
98284
388057
365013
338523
167445
209887
436839
212720
190572
234682
51347
495958
484129
216464
11949
96730
244952
246774
257695
371922
343233
256792
178568
113031
101276
187469
62562
352112
251158
179799
34347
13275
42135
198205
17505
71710
328765
26081
133146
16183
17707
64277
143006
357820
167567
475274
191210
386905
351916
270113
57815
216692
494244
438946
80595
276182
282065
86536
81594
340455
430000
369585
383713
224133
252676
125172
457600
329403
340984
275139
363060
9444
394190
472805
477434
3884
192686
423459
290577
129092
31091
123157
244161
153661
371326
389981
301422
31831
253313
78651
246479
159786
193361
361982
389589
251519
253520
16200
80262
130687
389466
443948
430364
93429
104303
466280
376485
227564
304258
455635
347020
55435
365291
324320
442662
449893
214827
493105
420211
481071
78926
424923
123073
225452
378674
161231
260625
25708
253411
70954
413556
456583
419015
178781
161646
23744
167324
236556
22826
118426
407926
451347
339629
85846
151730
350219
294378
379300
354535
46292
447822
171074
366206
63255
256321
289568
284387
283128
250060
295173
490078
43321
174296
224989
87385
144331
459469
474939
246360
353731
355656
991
421863
499257
134336
279430
119046
58861
61825
217300
49302
486206
15440
450363
78421
436428
23829
461071
290201
308626
402332
397618
361299
490946
235625
343808
118508
425979
3887
466845
392316
310812
62742
315992
105682
443533
358219
481258
339267
30556
280464
425387
493373
191613
458963
118866
72622
231500
4546
322033
399840
55474
129339
222579
38935
180450
12961
295526
410393
62880
380484
257336
314235
1787
142758
207014
489570
271991
480008
129775
158534
404191
122158
131498
331913
284144
58606
440897
358375
19898
234376
200711
76881
213926
379348
333104
235611
188475
166134
364835
313308
406182
356695
339893
399629
345373
421394
346627
199705
162334
37934
182362
100856
143204
92994
112669
371416
471862
320236
284964
493295
18306
183863
397481
62323
168018
351961
360637
349287
166242
86059
473237
337409
150100
310176
299032
37875
58489
47218
93080
291346
376639
233001
137183
450152
53261
95136
78915
210057
454895
350970
264545
260687
151713
71882
397879
206296
203372
108916
363029
142114
277280
344919
1160
179309
24675
256813
193399
71619
142614
81866
224922
388592
158616
415221
97841
208650
323103
15433
354587
240219
72832
294618
409740
237030
143354
145687
336573
414575
150949
335893
12049
400713
429862
455251
477448
367311
324280
433628
397180
276411
328408
151139
359532
128322
401917
33448
93146
90668
489060
390760
452138
399065
190912
469724
179341
234903
460308
493083
153262
404776
101873
321921
456755
113071
470110
474198
320859
250875
325965
1624
315092
428488
391625
314169
255456
122579
68770
7535
416467
251120
196351
45127
135667
433305
378867
94605
418553
308922
156794
123980
260621
152088
360298
143583
141815
390579
492836
171148
487547
374413
308991
8935
340547
145957
137317
116207
27768
395438
111661
315737
50058
315025
386167
202691
326870
122006
128886
444223
16524
474894
266923
76642
84468
434654
129309
182717
163431
390449
382896
261075
197800
27300
426319
323063
382668
78256
423094
499235
341760
143607
341786
94650
234862
155408
354294
127074
389250
429909
199763
299199
16477
386373
389127
17661
305646
57682
227015
492242
21892
397533
358930
114664
480831
391032
353157
347513
464083
317925
245719
308975
426983
114922
477404
21201
472195
324713
493409
12428
169985
229455
196880
280524
250293
499426
124029
150523
239759
407008
163147
459892
57375
324217
162329
331388
433319
486847
465529
479958
89634
156021
46091
322500
452840
108777
109698
177885
177357
34738
193418
144187
345271
30097
441369
431429
415801
322495
49940
343050
75316
59085
258511
270027
163156
286642
127154
137218
488636
203544
197195
233765
310356
42873
5478
200158
436325
257055
140744
124534
108942
298617
370152
26142
239509
225106
296575
141490
410606
324830
31526
468497
411786
405847
11074
176037
493651
231498
332651
241236
231113
294605
233233
115422
221814
461250
369466
16857
396380
218904
372374
412536
275317
132531
168332
273442
341749
316608
226025
269110
246646
315895
475843
171491
281199
158495
209744
148611
60519
428832
275187
125513
253075
310268
400290
291489
29316
151555
16885
436423
87921
170450
480565
48258
158564
269762
332286
95784
301382
405492
80575
258670
130254
300367
122706
97516
261671
306724
350899
192335
354877
477534
342061
125743
229446
321928
380021
37318
375269
84806
332157
90542
66674
364476
194974
383568
21576
388036
490691
168509
263666
140802
224909
72918
123925
111640
397402
476685
117014
61712
376489
416435
47111
94724
334233
378091
376163
427071
200709
294238
440619
125159
283443
308012
111556
114030
203919
460305
166095
479367
337307
280834
182750
170925
265800
247585
309804
220311
304441
314641
198639
136754
436472
135361
418362
120812
134940
190158
383367
112430
17799
357404
72067
253289
278824
263949
77867
447671
492593
281988
186106
323522
296902
72277
66436
199586
200045
178544
180003
294828
499399
116577
421534
258241
292549
389516
193197
278051
465847
389948
12741
157182
213192
42369
107221
123833
444222
278029
412136
98105
249745
91607
162621
298789
442727
112669
292682
265071
360222
338447
401406
94361
158065
79504
335852
343153
479432
270256
340196
406268
256609
35933
252688
330253
355044
495274
199262
424133
276608
381059
215774
253336
114753
264980
42162
318894
260421
80302
344805
29636
262812
284796
240300
396706
415726
84934
142397
39007
213193
74355
235795
179789
188421
122230
284946
352090
67734
468121
154401
166165
12200
66229
78403
60068
472804
491155
456525
178818
203969
39621
81146
284395
211046
233452
56930
391774
297261
42778
252165
464289
236592
170231
460620
30895
107264
303938
464648
82994
48782
468663
231353
88296
368415
44449
180606
40083
151536
138852
32803
457509
86632
261525
439972
337488
284680
173195
181171
392262
229780
269873
365004
122122
470574
470224
252368
422059
82657
226020
304752
276205
68887
302273
383218
388674
25937
431662
294723
411487
216796
233425
128101
311420
349493
205417
368834
363869
207507
279745
326796
326869
216594
417146
78957
499374
109710
275839
358203
134273
397598
385782
262252
256773
275012
42425
39429
254005
445722
403564
109650
306318
402573
324793
484665
359050
463697
36594
170138
464298
230915
319616
408586
237680
153627
455765
211207
205807
55103
418123
237849
276527
61659
328939
331909
96687
170197
450089
310855
418220
248182
126173
266581
39421
203996
115216
134123
265877
480446
432587
451845
36898
416350
8947
367556
306469
245738
180
64630
82557
109413
112191
198291
299821
471287
12845
55825
122594
204108
210306
185377
68298
484535
406627
366719
365606
412744
143055
460088
390153
331296
464510
203317
25315
372851
287974
292797
468706
113501
414391
20173
493519
447822
472801
175338
45374
115391
3740
271416
48476
185391
490452
146877
67174
486477
291376
395361
243377
188262
261090
181549
180290
331507
197953
71344
146990
451212
42424
59366
194558
348327
49012
189817
430424
310244
27242
418795
377247
77428
84899
358999
313896
290643
189187
324607
446682
361058
478241
412256
131352
164745
222918
255793
55320
456543
329953
59224
227758
94449
484840
342605
446454
336584
57726
185603
360701
496613
177826
428032
238026
323087
463585
193950
304356
31632
315011
92599
290313
425656
177241
430255
407202
17114
348564
126916
71047
462783
239959
108656
45291
408586
395768
46035
129750
68135
136261
386669
257139
87469
5532
461152
237282
284893
418329
21876
364773
18238
492627
64445
168160
390492
173740
311545
360672
2095
42086
328976
191082
87356
1075
31261
34881
476109
358099
444454
9850
13966
301544
35665
265292
493262
474646
429505
104460
285355
324009
219821
362087
328119
350185
193035
170784
123449
197177
445279
404163
137629
69222
11591
383534
26558
423808
264375
438871
320296
389232
255904
332924
1130
219279
64663
399373
485397
287416
426622
64655
433758
91616
267176
219258
1757
282293
179468
308048
368988
285423
404264
333394
225665
305267
286874
131717
26689
494858
390908
248
264604
119640
246442
450052
341955
375678
453048
436540
74794
241354
121555
294122
48859
66002
459612
303036
424259
8738
174720
417783
184560
465996
45509
275439
106979
300765
12801
216145
189553
99424
210563
91011
454716
154482
14647
186980
169069
180774
205879
89184
386494
131669
218409
326406
489166
199351
65494
51028
176019
184390
206513
225999
314972
309050
385910
469455
472764
58785
344436
409753
205047
316501
298967
435021
440857
293004
331682
104594
50256
100393
419967
306357
414464
432322
445079
442382
70772
133904
80918
497670
347258
34417
492359
99385
197062
268074
132937
282295
322211
400559
400857
23091
314955
366600
135934
192731
52049
278328
13027
122145
114215
85665
36953
287520
351778
212934
364905
33440
363803
482710
314774
6259
12084
314692
143237
354066
11960
373815
137099
194673
251223
350230
480187
425521
435315
390220
393002
427731
454074
292982
21493
56797
468768
245101
480567
109030
206537
56308
264881
100197
410166
316850
274012
20547
118453
6669
71467
334351
126613
12994
328554
231740
318094
295452
152890
139973
240508
335263
424581
181369
271304
7214
98684
455495
178425
154280
329754
102764
389299
318664
233742
460929
234051
237540
73800
164481
183068
268736
97794
355338
402917
385084
393672
246438
429341
180141
126911
331056
451261
478906
185572
59010
128482
337423
33918
265635
130662
379340
246704
155022
344613
313578
497928
200812
496827
446746
174664
258524
48590
499274
271577
104398
160803
445543
227331
441608
350480
8885
360289
430260
285537
372003
124797
473463
81367
49317
460194
185125
2837
51396
454742
168480
144623
334146
24948
285667
61577
287736
365892
298917
127984
311618
255410
3844
192715
260872
93304
320082
70292
144654
94838
411459
83411
408472
45017
312775
6409
167671
333781
161141
25289
232842
128112
182300
432461
70737
246300
240309
356721
350483
380453
351492
16151
78222
136545
144938
109989
229448
185864
425367
360621
306268
266637
30635
60302
493501
220805
455969
453181
439795
430356
415663
13098
477378
321518
245647
276735
7673
193806
144169
270167
189958
245333
115379
109435
303112
259113
352471
385594
286340
19922
184075
108624
326275
210474
339665
227819
140193
58119
211998
257650
497934
49949
436807
9241
329937
280944
76831
61267
279858
337358
100213
102693
423578
164899
137344
162592
483791
307370
345155
131973
456923
362925
54552
71011
387780
8431
352522
468328
393617
89325
17125
496604
125257
224491
147349
499807
469682
356483
473393
83416
480530
450249
218103
238706
1065
438290
108331
304608
345101
356388
258
110888
77322
327522
270676
441999
451821
17206
338629
64836
394453
61676
93983
121911
206028
421048
286820
288606
403590
197719
268169
100234
370035
412173
374770
116058
6416
162852
248236
219924
171601
60468
168418
392079
196828
119390
161333
479518
232558
343861
12098
333497
479516
459095
450018
349487
243237
494638
72541
435884
72859
370570
155679
45839
348516
498646
475185
385540
472278
167433
267173
161095
160359
220903
355369
443103
305011
23889
97148
404679
416418
154923
395765
229096
142375
210761
482771
201119
423332
125321
3112
315338
194970
401713
117985
166586
220061
354353
199141
441647
407299
411824
95456
152264
424721
401766
457201
11516
165131
233228
348154
199490
197394
370989
238300
412052
45323
77099
125097
297223
228635
93774
364192
2283
414828
424727
237045
227321
316109
376041
162976
367938
150891
39418
355685
131087
155851
29207
264834
335969
428610
432325
382919
429004
255823
440935
357565
36391
233008
136838
387216
27661
121925
459760
106863
425664
403942
466611
403293
254041
298528
128337
135479
105912
474823
489985
448529
333700
100041
76125
191006
352857
211600
341424
119250
279710
432401
171093
210041
163459
329354
376321
106248
7918
133619
404620
116460
314055
354955
330853
446684
323356
54122
141573
130619
241429
76630
155715
9330
348230
36068
384260
118835
56705
246544
130884
365097
367200
178280
398155
209689
27380
410238
191454
70345
22884
471656
342909
333386
81559
459997
284180
230582
77044
458291
335176
306551
231316
11938
13287
423780
496668
120116
352044
38485
438158
208857
397837
495832
143326
139956
252050
30477
344823
135739
338211
314322
465422
104431
363663
222057
340416
99627
128623
238614
433830
78041
352872
281351
98235
209196
63750
451179
279327
489754
423260
455683
71555
260822
21887
81551
468562
85165
241194
469192
67704
134963
354346
90162
316445
219922
432325
272155
485057
409552
222559
356589
54692
81024
70544
153426
252493
377594
427375
496860
287783
42423
284075
481107
332287
125462
366941
30020
447640
311780
308754
380363
75956
457502
411371
461333
74427
345521
226886
83202
51472
479353
167294
365248
171257
186441
421438
88105
180750
37960
3734
440677
189616
392000
120714
129329
239384
29845
114953
481485
412137
372948
325231
358303
299561
419803
490652
312312
390506
475437
187566
185813
424696
29404
451746
425518
471244
55642
110413
256284
287997
425517
39102
30949
449477
387865
438807
157135
184266
255286
418312
26172
300335
40225
338676
439120
234167
52734
4698
462114
161781
421073
21298
484968
408109
211366
66501
428832
174801
399734
182604
335740
469610
73138
169300
239364
36829
245617
194873
311070
488281
254453
326723
453839
254508
110101
432419
220583
174098
175526
265175
402067
456504
317005
255141
460845
188028
436245
49441
51463
483732
485798
185312
105661
409206
421709
221676
59124
417368
51318
140498
194580
176737
428785
453750
478201
340860
381380
184743
449142
130192
46044
94728
151091
178097
414839
402491
379053
371839
339334
146890
40408
87867
89724
83892
387192
137992
448296
120326
438000
122123
215570
304517
86446
184683
366022
321156
285943
380657
348754
230500
133117
129030
330650
247744
271611
244388
218479
332730
229776
12616
245710
97909
396031
105402
373985
291194
478650
271611
428155
164221
453000
71098
422979
221637
292751
28601
348647
498998
21809
295173
105490
161311
242568
225418
319415
278768
408467
196322
86225
362981
143649
165002
54183
316151
255408
97062
429044
54121
324702
409591
125743
126737
258591
464579
147142
301093
70806
15053
269323
204769
348727
325529
122796
78542
77958
169516
306277
14693
74720
373423
167531
137862
31950
17452
123748
414146
375730
91114
421778
205273
489175
388130
166290
236269
10261
178773
142064
50211
67399
480482
288943
390666
399702
266179
178173
413522
265443
164673
366776
326936
158720
53466
51961
106599
394123
146547
387660
21558
45214
37328
15613
154758
342674
169629
239891
316596
295680
202624
175701
445303
139077
296299
242060
308738
7763
346508
168009
326162
211060
239146
328528
152107
361008
94443
199293
21462
417637
162836
77166
123969
108715
182413
372790
267496
272169
243120
43561
495788
170124
276198
145019
53788
266190
320423
77940
396513
319161
220282
246815
33563
162297
253581
412000
393408
8007
402565
346560
239412
394519
310286
314280
362587
204605
359051
55877
315475
173255
481153
482066
75992
20657
143601
219833
308724
145495
215143
120981
288185
67964
82422
130636
486904
29354
119829
490350
96252
440973
300042
398489
419786
372220
415165
156423
402989
396440
436723
12117
432209
311920
368972
477925
398570
459135
271172
219238
345809
408460
50820
51506
291516
129422
443759
233020
203296
468335
327000
188981
418888
985
314796
74621
434250
14312
196933
107372
152016
433026
291731
321893
159546
37027
222226
58917
126729
278024
121960
177342
101576
458070
383597
272491
242233
337721
141905
365221
147883
48717
130077
321262
346121
217909
398958
363611
170043
466708
189201
160799
273527
347234
315008
100798
189298
153536
310959
324118
132227
171210
156514
204370
486015
193710
135385
272280
149137
221629
393159
313175
257765
27844
426414
402498
307645
71304
373381
245437
281341
136298
244376
15992
260475
61722
315287
189993
234572
20330
389562
80387
292205
220196
466140
30043
57561
121637
460848
347964
33353
400230
289231
70959
197982
346302
140126
312312
139562
429239
424718
352339
175341
364788
44390
463210
100034
444742
59912
275135
403029
393300
95897
316388
398454
264385
91783
141327
480711
180319
328625
248047
272337
338182
172262
477543
97648
32577
335637
143301
371544
370088
10317
236810
190645
311662
239935
72118
399298
186748
311132
472095
459783
391601
6474
417409
449258
42027
372389
45743
336475
221909
143042
264597
499431
287802
85815
5364
15013
134337
283755
48470
66795
75860
442479
256978
73248
309736
459646
455166
326437
295753
247766
392359
368076
381048
145175
404622
369277
382361
134719
143073
234927
112217
321652
74159
56150
225766
98175
281428
428016
27559
100999
253
384405
79398
669
385782
349991
334881
327832
130618
371457
139189
13640
392320
494752
257488
473125
485227
141691
384597
89605
112841
205467
425402
407723
451602
489580
119635
175722
217081
72587
109536
50731
494571
355901
465857
144213
254248
410513
488007
76037
373405
223080
321688
143451
204001
148718
368278
347595
402372
315752
248081
392303
67807
454500
248400
124246
467484
158335
350765
23316
83856
246769
123508
39039
40089
106210
453358
363347
84712
429915
261952
358679
497024
292043
225450
399063
167444
68176
415267
144092
27801
50223
221201
485018
159287
392558
266793
210008
268622
320862
450195
427829
436838
282728
25657
52660
189617
116989
38955
230685
26787
328167
480764
201852
452110
264257
91540
363804
448547
420567
3489
337955
158668
148385
76645
478069
51180
499577
257166
163563
52643
382790
179104
428284
364851
210377
263928
352862
133821
159237
440263
72243
470302
27385
291622
312478
160215
418656
113305
339383
222608
99755
281390
345444
3091
95491
414630
468128
287329
415105
108839
363590
309199
276974
559
398386
8586
91664
495803
288505
481725
63459
456299
244563
473361
369069
332518
28393
109954
16079
163460
416014
117806
54898
249204
155858
166315
176534
137158
181697
315399
369082
172183
295441
446827
352402
464298
290270
313475
138052
192025
173531
448164
246541
494642
30472
369280
75908
433417
147032
461433
50474
55848
355246
207362
496175
156720
389778
75856
252735
15019
105709
339029
81822
1391
92449
235323
70210
190729
421873
487092
118403
337441
89955
373648
46504
43004
463692
65534
32015
400828
199433
12319
8184
300324
339016
90831
291769
364141
138009
297027
391619
402459
57010
395578
392733
307504
238619
291881
92111
376864
263816
120884
357079
17057
29526
103154
389111
407289
234275
233742
221876
218989
21188
238048
110980
44259
283071
81756
354322
476873
359721
457466
207359
160378
118660
111234
458954
332908
325749
25372
84304
235955
140703
467875
464945
336808
345339
253058
41532
103851
443483
140873
61741
24245
318934
127467
403795
410719
64948
350686
89854
453077
419511
454832
98353
47669
38182
31574
391996
438645
251227
457526
430855
462016
370763
304707
97090
205403
238086
246114
447009
381288
248208
165134
439933
192562
291543
192621
459580
453324
121553
213796
25947
68094
300082
231038
251515
370809
167333
69410
70273
292034
286668
489366
200688
3802
282852
211273
60753
156345
112655
448597
312070
184297
6771
103366
4416
240385
199658
382505
198505
192658
371701
108061
481960
148571
131003
91237
413174
191962
50793
159897
261238
270793
46871
411470
190161
369408
34721
18560
406496
320211
492293
254778
48542
158672
244982
53244
491939
441686
151333
290524
238742
432260
361799
63941
391592
193984
309657
50752
400489
467831
394937
142943
282509
369631
384647
106632
131495
458231
105038
5103
303159
475456
427857
284798
220832
463851
193864
21820
426399
124035
368769
257803
58816
334468
1998
187289
40664
37147
189218
378443
44793
323865
462540
186480
39039
349705
295743
306676
178309
381799
214501
200348
367530
110437
143223
241654
482945
214699
445068
388912
490431
149073
138838
74915
351920
471535
240886
392378
465245
431377
116703
464006
123058
15071
252552
488377
429832
92388
760
492576
214013
359629
173596
387038
400546
488127
402298
47539
329896
126328
437759
402373
437400
427588
402752
322807
75879
224849
179884
414098
308409
204924
356189
310253
409942
382559
365948
241549
53032
27166
379208
195236
428395
420005
418574
225772
330558
125629
130904
114386
201430
278172
275294
114069
432462
11091
150835
415610
82847
48223
277585
126899
286223
170110
314428
388509
362630
64437
211866
397989
215303
219416
206517
312677
328118
223940
475835
355177
485743
459048
188638
245188
496075
189735
205738
260837
148749
344136
428592
3361
367177
140745
309199
222582
181247
123529
231644
468139
449378
172969
250516
489452
412836
389551
110054
428357
192593
106597
2013
364775
387486
310536
270581
260412
30654
413459
287571
229757
452858
405878
203039
433417
221612
348814
98981
356899
320669
117609
399398
403385
348917
249022
235515
296846
235958
22312
53614
490487
479142
280902
103334
401588
464734
19853
383327
408345
5810
186391
337522
296607
361032
441604
347793
8857
296843
130034
402374
89297
128849
149637
326784
323304
150048
54564
412334
99273
35629
25301
470849
439856
71740
318756
330800
168243
429326
334140
457693
450760
58307
238574
1501
227227
495165
97040
351574
325180
229825
339696
405944
437726
223183
209087
84909
153255
397330
417982
333546
367224
400408
486050
302331
202148
433839
24047
185549
314365
134276
55945
448683
233975
361552
91979
87023
452374
297141
463860
174140
404549
16394
464449
331817
408681
176205
45081
12245
357880
122333
407378
251304
304177
341898
269308
77455
2853
492803
330385
148954
271127
431341
320633
421882
74248
148868
277498
161938
136359
436983
195312
26945
255419
25597
291420
116929
377466
294204
94714
41854
322370
202520
282616
324296
339455
85027
389373
99755
421981
443680
273866
253482
156326
331347
468422
32284
437674
242223
76821
456778
133593
143052
28480
387551
158908
348059
251724
327216
188403
386487
175210
94633
27401
429709
354200
391018
267567
359634
88379
103905
6408
258080
244165
291843
335058
73109
279110
197185
219385
125985
488965
61374
419100
405986
169781
439585
491665
115910
440596
437541
119720
361555
478918
380393
338073
287196
284104
107333
303365
321497
67413
346758
267990
40249
431194
208429
239917
393888
183157
181750
436396
161778
421216
140037
144027
59633
477862
226789
418849
358443
148648
411792
312522
431070
68118
147385
402323
396337
485871
134360
126990
219972
420860
467596
176648
280435
196523
330222
158182
128117
189171
423489
171947
33161
404378
413861
159177
200698
273737
288462
117440
361830
442350
187278
489210
50589
473230
67994
55580
468767
123271
107927
211971
59594
234973
287176
493743
493796
281863
479345
400384
427831
362284
489852
84604
484052
473411
186524
20214
269292
333493
92071
26372
303722
483585
129625
71814
353188
361076
76010
465820
362648
405285
285235
475132
187673
83872
174300
496291
31674
443001
242022
372006
89559
371757
382100
37641
171313
65346
231374
164365
9160
232196
362071
19172
170520
170016
12028
236951
347725
226776
162543
408119
83580
422212
401076
234292
124274
427581
84142
145588
28415
109573
486349
68644
267926
22654
270323
331524
468302
337109
327944
340664
110867
295864
190496
351785
382784
479915
210405
363947
25839
266574
341322
435980
441031
312852
160385
31415
311713
269677
266136
387047
228611
441272
155471
458561
125888
186118
30894
471331
328485
251496
139419
157031
65465
106458
30464
70682
481704
187544
28807
162606
428909
181715
325127
3636
456254
176462
40782
432906
492756
242340
360210
336336
442146
463588
487279
404948
484293
425950
12090
493399
388240
392741
297246
283352
413234
280416
49011
97496
377086
369124
41536
81215
400615
234719
407161
277670
326745
446236
373514
408310
57264
222831
250051
289729
359378
119194
177565
280705
420922
153537
339396
90434
126226
49633
237722
297314
268610
164993
481287
6754
67084
32594
206581
447822
138601
156200
446944
123412
215024
191371
15810
430686
101093
406718
369075
138022
177523
473862
450527
234526
293619
102506
181631
263192
66777
260675
27789
444817
173465
283917
438750
461315
270142
390403
277091
487253
420993
456256
120500
269126
365365
247390
311417
15828
439764
415545
211145
139432
434123
64463
406341
407356
33850
136107
443313
188212
304053
240193
478938
89474
216008
220247
45830
290184
8733
3992
239384
397962
169266
278640
100376
353165
349471
427382
222779
271367
465286
43255
348586
256260
230438
98241
270300
275797
149106
356677
323800
55922
186540
351940
261869
314894
132439
430164
133997
347248
464348
401058
77284
18422
346211
437239
171324
184069
65084
440823
285317
118533
144977
300797
236355
245664
161725
78691
42153
441124
325410
348351
241136
271991
671
322958
371763
332595
300669
70599
205164
481367
492110
369190
275150
41536
108206
210765
29293
423218
455202
115443
462500
64325
384649
429179
454270
54484
442969
54858
184961
123768
483597
42195
114567
143583
378755
73154
280677
53993
125302
33683
495501
161079
417111
90874
348599
15165
294229
46911
122178
357406
382212
49102
454203
132695
319359
465060
286212
95404
487515
190161
64045
458673
288826
453821
265543
432551
203750
440507
31929
137203
249165
447336
324216
280660
245649
146527
253150
52997
198361
19399
259991
77272
343570
44383
435257
63388
20241
390515
354481
258162
49548
275805
317913
191029
482611
127801
260858
73827
127538
225135
60118
381197
218301
266580
353466
171215
176481
28924
409077
400308
375393
477449
427282
209426
247301
195836
171034
313499
260885
435587
161350
331139
387457
25342
208128
321333
248574
51722
333058
433038
31834
476606
381437
11735
219452
93904
149263
51874
427451
243854
63152
372316
247155
393358
94088
307751
30673
313436
214831
29235
303084
217886
177568
328755
347847
419696
496523
244961
28929
189341
48228
192435
10511
76106
257814
91221
465336
369996
327346
387474
91783
133818
223220
361329
301643
74954
342325
398110
45334
343741
389196
101700
149964
306656
424164
14160
465045
214858
340624
273738
78991
318655
448252
157392
313576
130489
109909
273418
217361
13483
152988
300858
18648
87527
313962
131424
269936
134826
254425
196454
48393
72282
110971
191480
94225
75052
29286
44749
219659
163740
131325
13098
460674
98501
458974
481064
243980
48470
38309
397802
474407
373485
313161
333350
28450
71336
469849
69860
352243
161314
342810
361238
247230
365368
238197
130825
286185
166074
154374
205587
11640
253249
381811
3902
496304
111233
328072
219057
310438
413212
311571
41436
214623
354330
212033
63915
387796
471647
295595
312779
23694
255091
269517
389993
64678
181624
1316
12163
461715
248336
144488
91424
488911
277585
2764
392264
422000
91815
282626
395517
341143
309415
247034
192192
255302
488049
138222
413154
23933
438004
149236
2473
361175
325793
498147
26496
441818
484575
422244
100607
430396
154223
232423
368535
472084
48001
418892
258602
420877
75660
147664
147773
350922
446321
286162
247712
310907
415412
214403
307550
247584
198488
173284
481809
443959
29914
149137
302744
51835
479260
303548
402672
324744
412952
286828
101610
482212
119148
253519
317018
335857
394952
90865
1537
327224
226220
235332
295117
239210
214020
49902
264855
428837
334726
280863
484083
496091
301798
341388
449719
48740
497133
401306
310393
248492
142923
354975
2980
399749
452564
72011
301123
455120
66800
360783
436209
105970
90906
68617
167600
314243
154099
468939
185347
454067
227850
32835
321056
295179
100531
180396
348201
40217
1855
54339
47768
435362
91048
46779
97907
288708
47473
330124
432014
78035
34032
58549
4360
124829
71860
191580
151904
178713
467467
297182
268787
248300
268605
262861
254324
42855
354563
366913
429610
408498
210926
392707
165824
100965
343330
163643
93944
217210
65417
165259
398940
341957
54340
447429
221200
317612
19975
74988
7055
30204
324202
110318
35709
90999
176565
160439
253691
399542
310793
320400
116150
343347
138921
495377
339193
6438
125959
422078
141800
129034
312010
216519
431627
62152
483695
281863
202882
393707
454071
463396
131006
339670
346290
15212
76987
329400
469045
164006
349219
154342
293464
274305
479476
397791
495645
171426
259926
422949
252937
102817
48918
399630
362764
366564
359078
102504
1691
40191
381883
348106
2115
350613
10133
419136
251649
404206
104445
64656
434469
254188
332054
440984
1656
445289
320961
421106
43616
143375
474855
231538
330676
477532
361956
463189
163039
261851
495325
428967
149967
44403
48541
436897
283490
51594
191232
343416
235943
379168
50528
82566
68835
261408
210173
89616
243810
173996
187803
487130
23568
161445
203643
13839
380303
273022
119101
74459
460264
13935
482536
168598
136763
444369
176190
48802
169991
103591
59101
31903
12880
307516
340557
194682
162164
398549
205262
341019
436869
161325
303799
113978
35032
422851
82504
206278
466907
206335
216767
150015
84393
442469
100802
32110
12188
237326
142165
10573
364919
425979
4718
172011
50164
398511
55101
291357
489637
48092
457383
98799
229706
332372
432059
484960
297180
243801
395132
73565
158552
431624
381861
316145
492387
95489
285640
70219
468232
195856
187301
477400
442877
403842
182117
463898
325350
485098
434817
97127
455842
100971
59381
290083
325997
45332
129958
441361
414887
275497
7920
123630
117528
283145
188258
468661
280483
94754
58059
122611
346950
233546
172704
377461
385181
50840
328760
83623
310558
346628
8066
455950
370808
87053
109151
182406
497501
466152
198465
202038
366649
472355
483973
361326
208469
443371
194866
418341
248071
274686
493898
412871
237659
377444
366705
271133
369051
429072
437190
115516
216644
321131
276731
448773
238212
260346
173815
313776
5489
365843
94625
396052
466817
418230
8090
205935
382216
483848
120998
1415
475107
15361
189839
301868
75203
363432
64967
221866
9262
357764
481498
344308
455952
360799
194676
430820
387818
42243
390585
186552
287317
12240
468976
14989
462604
202841
479685
463944
436133
403394
374807
20324
126469
300320
441928
335185
151196
73063
26806
370287
409687
490300
194684
263784
470187
467972
48879
339713
16417
435840
406534
14747
498520
431414
22392
34722
219239
296450
235936
481774
81444
113947
110124
337589
269890
138011
179154
446278
416642
338386
379889
71949
352210
15749
106131
343734
118352
11495
73146
276638
482551
67232
92706
145417
226315
127861
78787
312569
80
109410
175307
92660
391393
383112
259551
156411
21809
443569
154603
437543
165818
25534
390368
52258
320332
8186
183162
289986
181051
300958
364293
78510
23228
217586
120808
447252
498004
495063
483296
485221
456730
367703
372432
102728
461040
448769
233240
4671
240211
321559
47991
398393
210918
75020
475731
373336
492570
18266
377759
51609
27649
224402
302993
145397
239818
6891
396676
9647
61910
303223
208286
491236
247114
360518
136832
280223
418752
393507
95968
121004
164280
13640
487564
279957
79869
422527
492236
2340
79748
304723
270480
177665
460688
250830
374120
267542
391747
320587
155466
79348
233405
384109
381658
370312
22194
138353
394238
166517
391547
373665
209743
69698
416522
482432
363517
396913
55828
107726
223900
459423
18367
48416
126717
316565
186915
396166
441815
482767
305143
451058
89859
491911
219540
495437
84930
165540
279900
386476
273756
50001
96150
216587
52547
328954
322292
422075
14512
485233
50363
11793
164198
353459
443887
67742
136304
441143
306594
364425
248079
291754
219167
472217
261187
414697
388102
1293
171726
465974
296382
417588
193139
180631
352473
64439
379542
184062
440120
387003
311451
217887
163992
361889
246674
15044
445051
101312
70928
354146
126916
312070
219491
369861
434097
69198
116496
259514
197253
21206
232746
432197
261514
307637
293578
85076
151395
133624
336525
69335
226994
377083
463281
319313
376841
77850
197963
74414
475021
215390
244836
105968
148158
219300
23143
53846
299353
30965
483335
464341
149675
334029
250277
403749
350105
172717
438001
448192
168687
135655
264640
225589
442807
292504
282672
142278
293329
331145
133187
176133
37389
442933
232032
171350
347937
373220
451565
432525
339218
36422
7719
499452
452655
189463
112507
11272
276452
155807
450877
210891
351906
341872
270529
218131
272623
432272
383828
403945
87487
5026
129771
220028
302064
325603
145987
411458
110158
201137
290671
117502
392208
399904
152252
394282
271846
322184
161982
344804
242878
137397
180302
149738
120908
337749
171659
363817
18493
172988
157985
291386
408769
288787
260347
81525
280449
187835
375898
308161
473498
447594
15480
167478
76269
370667
49616
385998
165335
329847
487326
271885
142558
309331
170458
492091
434665
159375
341021
317819
249603
389990
5375
42372
431877
382689
135325
320774
292838
245942
173559
459597
223882
189173
28842
105196
407658
26567
383250
379356
36358
418932
77412
315198
223858
218174
248892
450469
118255
390765
47257
95672
148878
283269
104325
234225
261445
428388
460602
355058
450358
22357
204967
472211
38828
283699
275354
102834
460685
174894
243218
275388
290213
16066
391295
232073
137005
305186
12602
105233
276130
20154
79917
219537
450869
430879
255696
91047
343618
274964
287482
360308
120902
26354
371429
41691
286901
87965
69289
391064
347851
161137
173442
77613
125315
166272
270760
200002
115691
65114
468062
11316
189206
371319
12123
131070
455107
462270
473748
100460
459388
332427
316101
398966
63365
300446
64785
9631
407604
234101
156357
424146
467281
467007
293815
237603
125131
155180
158263
85618
69000
361498
238505
499026
8382
64650
431
4730
375746
21954
178254
145254
72677
99979
208593
405949
37651
449250
59021
135314
222663
105485
85771
381621
381153
196820
490459
66189
256974
346817
305203
289019
413678
327282
69331
325905
389317
95340
82007
487441
275045
66892
352817
459627
113916
205136
230933
477395
213594
172289
297865
417864
449637
292719
186261
138743
220283
107856
99376
372740
346051
32467
77858
415059
52123
1450
150145
62274
317777
320283
140208
308104
84308
4850
352577
376657
186172
14979
498228
71291
245249
204650
478441
39787
147570
119324
351574
86708
390797
411895
398009
79399
21458
322161
436048
451100
172118
209540
485548
391079
246411
295730
146952
406350
175858
384980
337467
112086
243603
394593
68944
27994
127832
173763
277055
86867
294153
420741
357852
150156
324828
431100
485567
174683
436712
238636
4705
44234
411979
40799
133672
399769
56000
56981
199598
348332
183057
158491
411922
98919
430124
101114
347660
283703
482276
237900
72174
469233
264264
460816
474594
456782
376450
137129
140222
62614
124433
33318
426192
75500
338967
331433
86887
395099
445801
204161
133623
355374
37170
65117
295051
27342
303225
441568
499371
331732
10120
444700
19277
247710
228137
53804
89897
478490
313007
151363
475422
210229
186580
339479
489938
232411
361617
382993
77570
363813
321648
472644
287226
491779
460515
419521
161444
76931
153069
175649
133039
449937
458539
136904
123456
376270
65932
349904
279924
56639
46463
225446
169055
131418
332460
459303
413261
2475
479008
226755
20536
19715
128526
152438
334651
364091
266630
284615
51817
109497
357766
220149
61778
302831
182199
483826
159041
170646
56201
305776
53604
277595
347427
438144
248639
157307
382415
395258
209326
92285
247283
144410
252192
160456
136603
315224
35795
478310
311118
494475
467583
213622
127646
353021
330829
127410
230026
306664
34265
96095
255933
403072
364720
358800
244397
1954
335812
109038
57960
82708
245754
50463
334002
416301
291509
23053
114466
240485
226413
175661
34232
195495
374317
327249
253447
35110
278590
87810
88589
16296
65078
383293
384380
116616
257844
429067
454551
65741
311521
321815
261348
102230
468327
358879
87818
141430
441521
396
461019
154981
224120
461350
76971
352925
458737
347321
220516
39922
141528
492822
308478
409599
194240
106624
373818
11772
454446
191732
150494
419368
232149
246758
134282
15151
247731
106958
181044
178575
64308
348484
120433
93939
334737
301028
158329
303484
303557
110993
143417
193988
181524
60639
295475
175880
275671
488701
405118
131756
242767
136190
464549
358809
270313
92125
351317
355231
135182
468510
118612
50459
34464
353384
274832
236266
116388
229137
83412
79525
118015
60938
288838
471286
296913
297691
6786
30036
459436
125028
143931
201961
20547
126759
212235
40717
260392
170737
420754
461750
316871
137447
404405
142690
338268
159828
382075
336628
311847
225179
162333
343821
181603
8581
408938
246710
313564
269838
361845
249723
122303
385139
461838
88890
302293
433633
41579
223907
51835
362698
397459
66576
169307
394353
217973
345388
33684
402923
454297
184203
371191
152865
224804
477350
160068
24954
325883
1971
330261
53575
143261
378577
295670
196750
205400
439590
447177
366193
458840
320754
357229
151832
407868
28726
357865
189182
200762
415866
33188
240979
203341
171548
442363
4583
99952
330253
498110
206242
12690
156284
238113
130676
163344
170423
120410
412919
447768
329482
488787
119347
406067
217412
350067
472550
9387
186787
450101
219924
57881
20921
440562
302620
102396
51364
391782
358151
90362
459763
225584
371508
197178
463625
75024
373468
351544
92417
427525
113560
91102
174294
60375
284008
51401
290028
10420
396375
153466
23062
281428
193338
460450
274287
331052
39198
251698
461148
334309
230464
352807
4646
497179
201572
40297
310420
167036
101485
420340
8945
267498
194594
171901
164483
438212
5390
274247
165336
386308
75605
126251
420361
298563
460167
412200
59966
183876
366301
284799
354667
449048
442812
175540
442030
327967
266764
261678
75135
470109
443706
24333
58106
162041
153763
160852
374083
175818
494093
289280
230176
465106
185261
378296
46152
239984
190208
394847
461042
489350
143106
33968
429255
99304
127491
86348
18729
479198
465042
227998
400401
307158
74895
355845
461384
299842
178182
332131
459063
235965
239435
211675
409559
430715
80966
85876
63184
317636
318156
441297
101459
482828
468725
295682
416546
88012
355512
429366
112668
185080
308088
361752
222982
52463
493994
196546
425025
125340
287887
326996
221190
326524
396979
496870
245059
79951
444919
149447
110516
273272
85727
386287
487567
221498
174338
288244
151386
439947
315433
121587
308376
148055
387553
214587
493412
99808
216878
401441
281089
310380
455088
476128
84256
230709
184236
114523
132465
251914
380650
489345
233205
349705
168118
391476
144865
342539
412818
234115
273284
80078
357641
499212
234991
57549
434093
190299
12880
263192
254250
485133
36980
397945
485800
100243
488795
301974
21415
147546
118860
176235
421026
153974
62903
486590
218241
362668
421818
209167
414836
94744
196672
173106
118795
384321
132441
356963
300471
454150
10121
163897
393029
489894
256511
151906
94718
222427
344485
498368
222909
413312
472290
426967
258586
23134
481335
109489
144492
96753
78744
2313
449794
267266
430497
443619
135086
300920
452548
391250
292957
3000
120996
479906
115852
294709
105595
314201
338613
160871
122595
179379
316956
325457
335421
330316
208625
478309
381345
139548
19311
333876
474142
403984
256374
42531
433346
421093
172116
242639
312241
330799
102877
319296
440111
88716
346045
81822
324024
114631
492787
173133
175477
469018
12859
297999
53013
40672
484832
221198
65009
292488
475334
497276
279543
413871
456432
38309
29084
44137
178171
265514
268161
350388
6082
299472
117618
333274
46788
91321
257315
24225
35421
460406
39526
183742
95785
328856
239537
370778
364510
387032
424014
227404
244697
97534
184826
458625
172419
299439
484016
202543
67420
399732
233909
274237
338655
195703
336638
17779
432390
37249
403079
82758
280833
99246
248984
203730
105105
68258
224223
355098
258813
92311
53643
14709
58832
120781
135981
56622
110121
351512
296988
55568
48416
97377
154594
71410
169703
402121
471771
351990
126583
416985
169126
406155
429719
363457
287768
472911
448705
451924
199966
436314
29937
216737
95960
220142
434342
416614
485531
193616
383586
133849
396221
335238
441540
240376
268305
366141
250902
253181
464059
254699
61118
220270
329170
119373
49065
48776
458760
448092
221609
137213
269582
18108
7325
419676
470046
373820
478707
163740
382850
247475
82833
160289
264727
59040
162286
498885
122383
272389
495901
474528
117200
498066
110794
452267
380881
444586
114298
171015
223921
220176
458317
88458
327025
218601
76342
353114
237728
55699
210990
149419
38780
438961
456460
282950
492142
361881
12066
470449
63328
302238
444345
398546
197639
250931
234330
262191
178425
173276
345634
493088
109765
306472
240657
40435
463535
109243
71734
419986
462847
47939
414015
153952
57091
119804
226624
432535
386503
302458
365535
15132
377067
472213
497836
104312
46206
273171
201262
492395
297149
414781
456052
463293
196277
338366
341398
367633
173217
78129
157362
166656
266923
297578
4485
136737
247364
312523
410024
317684
128184
395848
415698
2367
402262
246355
159195
355861
403869
300786
338194
221336
28647
40464
83053
149968
437722
260243
85963
440075
276673
452052
165491
54667
444835
58658
497385
156124
188717
477499
406526
318313
143632
294877
422643
263056
289092
50948
437542
42186
266279
231784
476725
473528
115424
452032
198966
133433
387740
392271
428308
186724
202351
429339
245637
108794
400457
451146
63435
3365
341667
323161
20983
274521
334713
322289
489445
21916
9751
345745
406981
188075
218907
39064
318665
273876
268443
115447
345659
133566
88296
314751
145535
417362
354092
89179
484106
17686
267709
182359
218400
310691
335383
491650
5937
228476
86990
7366
201502
320734
383126
132846
13208
273552
37462
248793
127766
491803
195885
62706
303105
59304
43820
271089
352160
491043
14488
55803
454008
10646
299397
486406
372883
87420
348408
257752
372321
417400
335836
45323
216640
400830
313586
231884
92716
294142
298252
61421
444779
202749
92329
381090
283522
488312
206986
438746
262754
421470
15954
108188
175553
447796
289801
41243
94207
331467
91931
497636
54317
152603
204836
445204
278356
218140
353183
467519
442238
407446
201506
89102
226731
173784
405570
223927
163742
464378
53843
186291
241215
486104
169404
391381
169339
464899
495149
231681
123389
4706
386046
338692
204734
374741
376241
208406
84307
415472
118529
389117
220342
98537
260241
273274
298369
314151
32503
24995
318700
325540
341068
253753
110462
329567
396514
90310
397316
352644
370802
180624
313600
169358
55616
206862
495090
86313
253064
121434
483700
90851
127315
327358
380759
197442
39821
20328
59117
168347
380536
450380
233572
286652
368721
7678
60368
108612
280396
429077
239626
83713
488154
329783
427198
379772
230675
360062
58852
477269
435915
253000
64935
424983
114621
14922
307754
81646
108130
452139
497848
432251
288220
408960
260775
476679
459702
147432
369066
159616
313549
333603
308126
466730
308715
128163
433865
228275
84651
65407
182432
342686
233182
425494
189314
202933
269583
187325
181565
227961
478747
296237
487722
108564
249468
126779
331614
347885
266191
273655
25124
164338
458272
191130
488311
230741
398048
254939
483132
267269
36351
356921
391254
334269
487775
156327
206775
95645
372057
64069
388008
305981
96618
264522
21747
159106
194639
20534
368724
323210
273919
40323
445837
442409
58435
446125
457123
46216
77651
137139
63673
87992
403477
364784
319508
333772
234575
419389
441353
215930
371161
381615
153396
319277
140291
434013
330843
178324
369295
363880
283482
340597
145376
244470
417459
385677
131400
90257
359411
428161
74507
478526
340705
350564
471613
204804
447441
27616
2479
118389
452829
234886
174380
70002
412381
177899
269490
475687
421164
394491
465516
176748
200427
69918
270113
434801
377556
333232
63174
406836
173541
405557
485892
272531
474197
203291
275806
245141
305499
372903
130538
79437
210729
108578
174336
117713
54380
359156
25813
230055
387254
371627
54235
495254
262184
32035
333794
370995
263374
5345
15639
161432
430223
350982
390870
264148
72597
419125
288194
59392
150529
435726
251005
243253
99894
358657
82408
309931
198601
239094
429656
183079
140593
344249
296990
72707
384332
315283
16355
170121
339746
485889
196775
452828
376504
228717
271060
744
350396
291360
482578
46857
404700
335401
38007
444719
207099
289598
99872
297591
476273
45591
108312
369668
498795
184391
212887
209941
275169
338492
26432
492345
147126
18744
289815
10153
350214
187418
104680
62934
174532
92801
235316
286332
53130
114368
267384
119925
173482
410521
348700
217661
136720
129391
397961
373427
330972
49528
347676
397858
471041
200053
363169
185778
3136
390384
160642
485958
264940
289504
410815
487758
143346
383109
430661
147986
24616
224394
407243
75978
126245
233145
467982
210742
172693
320984
14678
302013
78118
138511
314228
26252
112411
95667
267550
250469
137529
291741
449575
422108
368682
482850
67142
28488
289620
304711
162268
109841
460918
65327
236335
107100
39256
185899
432666
72297
267098
18714
16066
131809
366317
227647
178267
472728
49374
138615
394580
82100
407889
178858
427818
137306
305703
320731
478146
311894
437388
182661
341655
183113
433749
127015
71367
390535
72784
491494
278077
172467
496189
488679
255327
343194
213760
271682
284693
198330
29008
452549
9998
288716
53543
326606
330028
59872
26616
401518
194848
410500
420284
161666
339366
417213
19667
88507
359862
273435
394954
487339
275981
166184
435829
287479
240621
291203
177015
84679
271082
184336
35720
247286
399060
112106
426327
375919
352448
172484
316865
268493
485129
396465
495230
161367
401400
317526
351115
149824
50396
308849
139744
401457
447021
499552
91423
201390
39561
18172
123399
381953
192679
288553
409956
198576
80365
351762
306058
461597
477266
329193
228249
275337
180469
352547
225807
406108
328621
482169
89031
239988
264870
30024
279128
108318
311523
55395
325075
218811
251079
445034
139003
30058
58993
354504
141860
188980
487910
445200
115558
399798
479140
181667
442688
383592
207505
173089
349875
150225
54387
224663
153056
284065
15235
336196
306644
194332
301096
397806
296281
497755
446014
353698
1893
244850
68699
402234
285539
203059
168083
221482
447797
229826
110747
141463
120083
495780
107157
402336
219232
490402
174491
124144
67585
180537
219284
192418
208722
203940
435151
5510
135543
4225
198622
187227
24611
101692
219598
243359
400662
26289
177964
96557
428357
214199
361804
202918
329518
261799
323286
65052
178343
159648
351417
634
440961
482024
359397
77099
154031
385586
234467
469684
35804
23599
451611
440354
175860
188943
51241
351950
260623
294487
223715
227380
101351
29400
490396
409000
138964
102020
285555
42213
382996
159891
454900
260879
358891
74233
18921
303179
105783
81291
14001
474678
185732
181718
178711
416888
344190
407226
486162
430010
366845
78859
176437
22429
465351
309794
315253
482736
408069
328569
475064
82220
37162
337611
271736
194300
275282
495652
72889
488797
250782
417550
350798
363944
105265
177808
274097
460429
369513
393906
454851
421423
277320
496425
410141
499817
265707
249612
487985
115329
470799
28724
38664
499557
216082
309648
164960
295389
368129
110285
432798
392627
151832
431244
429720
385317
40433
274162
7471
185354
332747
118712
309761
178261
294812
87402
327800
448518
423900
209074
283749
381416
266793
325157
135248
48144
343743
125086
221322
252016
45763
302838
53927
253356
351811
99203
89429
302331
199445
173011
358682
176340
405216
56213
457407
454943
105408
101948
121643
163133
258176
377184
183953
326817
58835
340794
369802
158377
195193
472103
34009
469809
75728
166048
449172
219722
385834
124844
485764
115131
205709
111095
130749
409249
215311
337460
476882
350936
404995
19044
289555
231220
20741
51170
306105
63488
452660
109380
57765
407079
157812
286245
152721
306767
372138
16133
294035
86644
81874
266430
450634
14581
75943
407972
238597
62491
459390
358162
230326
250858
199538
120698
250489
342855
382381
189596
199299
476378
118707
255168
484256
485170
106130
485360
299884
154376
414698
414370
385509
311941
72320
129778
388816
177201
275658
381108
190358
90184
91255
389890
357955
53802
434557
483212
65809
358881
375217
89079
404375
141858
449552
10652
406806
206295
158228
389418
125292
288769
311974
147721
75038
1868
247822
69915
217696
110722
167750
148819
7622
437060
347778
254231
494803
461740
38358
234701
200645
464291
376630
136195
20532
482631
195138
278173
290902
350955
118448
396736
416646
389878
116323
180798
438863
433106
382728
42586
171515
316673
388538
199686
138002
126537
355256
340761
215258
183552
90555
104839
135232
3470
454243
368350
496397
197979
84365
174343
37808
487104
192361
219093
268256
27563
329394
70220
147557
482018
441623
57320
286437
38477
263113
68696
477699
439899
75652
334018
29776
215798
327111
372969
293774
450718
247201
214587
384090
229411
5327
263402
248546
499761
306977
52596
363612
49357
39052
377780
8290
413495
47233
246887
162089
454331
409087
110885
442322
145720
340339
470630
289365
162944
80796
139241
332151
423161
56434
128974
472121
77624
39100
227875
377306
171708
325269
92111
296110
84560
139737
259501
151841
398041
369094
397317
412140
279963
394486
328023
17942
260359
272536
391495
451353
295627
204934
202733
116868
110117
166158
81238
299490
362093
402926
34899
451293
184000
136820
418752
352069
49615
35990
54453
382601
205688
235830
55555
10425
255274
72210
205973
286622
492273
407225
476385
387847
30974
351114
308765
77367
478569
36484
370108
280503
481227
247290
378266
229462
373018
251148
124899
326495
424673
206080
114820
302936
328352
283311
57128
448810
487484
400820
334807
349031
9422
164370
35684
432167
147912
228046
60084
338410
202338
445022
42168
333563
225358
256316
3427
497837
20277
154352
12031
74609
136117
358261
90624
120230
398216
100324
1455
484460
471284
329114
252888
203793
279917
175690
473279
465830
448725
195109
470961
186097
172089
226729
259647
20400
386756
102582
87552
33570
314728
214939
203380
240954
312237
429651
301012
95853
490102
217133
88820
11080
191261
477198
164548
190876
96109
234074
457799
402603
297324
339508
278624
292052
421042
487842
478110
399325
6853
89580
274143
44335
135826
321308
295411
397645
349688
276408
210729
448454
50337
215754
188112
214819
386678
93816
26046
218970
93206
156395
247799
431697
468621
269280
293634
483482
435501
249220
163350
468947
57217
324493
293253
421525
418700
131028
97389
80916
132342
476348
165853
63722
241751
39330
423173
499767
256679
115186
497731
293041
388334
213331
222469
105571
92562
349127
24981
174525
223981
288405
495752
205615
477358
349583
275995
450605
35025
255347
416029
43657
102628
142116
32767
325573
85111
153669
375083
228923
130223
386213
397504
395192
119339
269341
361091
156665
156759
164282
262487
168930
495118
45530
28600
88938
302017
209620
379096
469959
297076
147906
199247
36890
214585
479501
292928
155525
13503
230523
227621
12257
347946
451488
55082
249357
467854
83061
428065
106953
319783
371228
84263
189541
27404
30401
141122
248812
74511
382751
281221
174264
166626
138597
244885
142316
450039
348468
376464
186589
122137
446552
329438
56365
70637
381882
191274
305751
365027
65225
371350
226880
476356
474601
105704
499982
136262
407319
85631
94972
439791
55538
404836
35330
254220
139836
9414
91609
340367
420273
73096
42436
474907
113551
369458
69386
394118
28819
383436
63422
281048
175486
478168
157897
311051
15116
383795
32957
119349
231708
74805
92240
66991
94714
373021
23852
76660
204705
161629
45812
228360
394546
114889
364542
222803
214046
220737
450504
189367
247456
353363
452560
423934
297883
248963
72961
492904
381988
174054
315772
28030
212253
265462
290959
146156
126637
257536
310949
497617
403088
59214
473125
315027
442684
361354
340219
165018
216335
372975
215435
4554
107682
145479
340064
391020
345146
379366
51864
273528
22347
172602
265936
246955
110337
65535
364330
392420
253170
120054
280304
397869
403087
459962
91375
385282
396105
116649
420654
482709
6273
314815
303639
228735
354117
324791
208476
34940
91589
464769
83657
229810
136625
460054
139036
259856
165610
450304
427624
398143
175414
469762
444193
109987
30049
397682
261908
476230
58480
249239
273132
421629
432894
440128
308876
99235
169085
122492
437059
201791
219093
91513
212341
131981
190790
412660
199407
2820
185026
75469
224243
495373
432135
387814
371012
179778
345891
4959
190872
136836
459694
413147
197482
49655
70940
376915
338814
24276
454743
155983
17006
40976
494236
10198
152806
145314
214744
396104
420337
5559
114378
83762
222809
282890
177725
492461
358529
113343
440697
391178
112402
144149
492810
284463
205766
139203
41318
418068
52641
302872
460330
221628
473003
77139
290961
221850
180928
446136
275490
90370
297415
385087
172534
393937
426006
264482
323974
406980
427778
125958
290068
73446
14309
484964
119461
200034
475144
136090
90968
446392
474798
159356
287149
340041
468569
176478
362120
27281
21362
228578
309380
133885
283532
351654
127773
133049
414262
40333
467052
389661
391871
344994
495779
82247
262492
72676
439696
56160
207237
377739
6924
447449
185188
314998
190657
482940
3221
439485
55936
441027
457347
114112
101734
320637
202992
54599
22544
217618
298623
315325
57415
24378
288257
58204
165586
403862
477175
262932
166526
400992
54338
187033
410979
352011
143468
273737
358314
490184
145413
487654
216039
181405
31494
183360
72746
398626
352757
375236
424734
488039
492437
226221
195353
26640
234628
350776
257971
246321
86517
32231
224888
17109
343642
236806
432890
315027
139547
474726
47206
105084
469858
64287
93222
499596
53764
305414
212907
120906
126131
286509
92581
191463
71775
495275
488928
271193
429397
171374
192666
260609
210954
91240
495746
130013
261768
77705
314465
461899
498062
110458
389102
233175
131991
256944
437535
411054
437932
93046
417580
310519
133353
60742
429146
465900
476840
36241
298517
358639
435895
340795
10430
98391
172178
332251
205600
69720
292494
66125
357999
165043
158073
456129
31364
114250
171452
495874
435042
285446
449458
2012
437126
414130
389435
45762
20256
206746
244347
357580
75666
374681
102148
258702
363217
438874
39254
291836
172613
441620
446282
475795
402404
160627
26330
309620
135956
195598
280556
109661
124056
361233
394832
431941
3295
286735
109100
268513
225630
173340
418813
388328
421244
440459
202877
83779
414645
101775
233250
328789
94225
13888
58209
78112
283293
88772
140495
390271
285084
115950
332756
240381
457226
69681
80500
145492
292003
146568
112501
69759
111058
204900
137551
399323
371108
469882
454355
11420
400421
308386
391088
165540
382295
165850
405655
103187
296287
178578
73069
158606
314715
396712
87524
351402
329565
404578
188818
85522
421906
183027
254077
237510
30228
192820
166414
479638
291333
28542
158927
131874
497616
135132
216151
337808
294694
329381
468154
166008
248787
231718
388750
438173
80058
243223
316248
209748
312607
272834
236594
42987
162721
328729
213991
114374
204731
218792
476159
396793
469017
64787
325330
263505
201934
369370
331324
148334
240373
272229
186243
292515
26084
14535
431615
363833
319748
95444
445352
42271
111855
149321
340747
236486
105766
301903
452482
499508
222066
219845
204081
277820
461696
246939
311189
336510
434546
282507
467100
114281
28221
387104
397055
66281
16668
190091
149091
437058
156941
251513
47577
143085
320559
169228
498100
168908
79668
98242
46098
484222
337782
77750
253448
54924
148412
246537
326778
453562
97398
174457
166899
391459
89083
79904
498916
77314
180842
160280
90290
212271
71347
189946
86341
273021
14250
281633
95237
324616
207620
246245
152376
90323
170656
15741
169582
55261
194804
415125
278105
308305
130806
396297
204237
144772
42289
341560
436947
31884
225463
299218
256341
116671
451543
136520
423523
439831
236253
385276
270218
2675
209623
228970
278318
149047
138408
170262
188574
6208
71970
239003
421390
425631
332380
258858
132577
32715
300002
485935
164418
216709
466399
58566
496060
477330
429276
150721
202813
343619
89398
370593
227307
276920
173030
198535
334
420535
114796
379294
470184
433016
269482
137405
437501
114265
121873
411681
450075
412072
226057
315599
413930
467820
149716
262453
230856
474492
185559
207125
406367
18508
471223
286666
320168
55401
187429
142780
499520
115355
288771
355533
34062
257396
245301
83254
163385
479361
350395
305617
444167
218138
331548
496596
130625
7797
159725
242416
111876
65122
341521
82130
115516
19221
495235
354381
51779
372024
489162
410381
397234
269172
17995
301292
257630
10254
109385
359123
385659
310808
470508
357144
178256
84094
310402
294712
397772
442508
428872
242086
294114
196713
249673
247471
457494
278753
216094
452693
451540
97973
247874
404064
305899
392885
173543
160384
108715
114992
489602
343131
331710
199074
172433
241485
173162
368761
408561
289611
325816
383115
100030
450628
202736
362986
58085
74261
152712
380580
422478
162129
362770
132624
217219
378353
163740
343242
492529
340003
425728
173906
202899
227401
76094
116452
172347
27304
292303
474792
98336
444945
239408
100358
183112
287385
225893
209502
242517
471413
62762
53815
431666
454719
134968
96173
434955
348804
487593
326215
222546
342194
265929
359341
127826
355527
246541
342447
344216
489770
413690
29636
230090
372746
282784
89758
152643
315232
337052
190072
189134
184711
153337
461772
352734
385770
185446
341319
202187
308981
313331
128321
38853
490667
338859
58980
403727
181516
441138
309144
156899
393006
66761
249385
155509
195438
22094
153998
349801
113650
297767
211013
139168
464714
329675
429633
302244
5576
354743
369713
162262
74742
399261
328857
337229
447658
138605
152400
383658
80783
177260
45127
146122
153737
85184
159913
117804
243413
447867
25832
273759
353469
269093
252543
189180
305776
304337
115481
223188
216725
292015
401687
292546
167957
325489
324161
438064
121333
97261
170610
60282
208100
302200
452440
44050
152298
271459
123336
57470
181569
93754
98920
270647
17717
151234
495406
320076
318302
341365
899
224815
17493
137484
364552
174846
162741
186221
168389
135636
287831
429279
301683
97343
133916
302893
425947
386754
280060
203462
160101
43294
447150
467708
455586
22224
110206
284799
134387
325760
451432
446627
368814
288410
497897
51284
105008
485604
257261
205549
29198
390110
405467
251859
130462
309466
74667
351167
330535
129771
291079
480546
90683
113492
310150
58974
333590
335739
91800
441813
281186
261328
364765
271832
424081
277342
66659
72226
322090
375890
234076
186717
173755
293148
109715
443239
245905
49027
244861
181290
204187
407774
338291
181600
460097
468398
79140
33473
378648
304971
201024
389016
43169
355750
201377
449339
245709
241022
313002
165799
458689
280484
320245
145182
158725
101248
490523
342465
324989
467895
455880
203744
329399
27360
127639
207354
405167
6261
37098
333410
261764
4807
214045
401778
203713
292403
39419
361269
110613
172784
212884
405019
492701
285110
488678
37535
368345
37950
20931
205780
232577
448861
138954
178539
35259
43824
199161
458273
253744
470819
495819
100051
313575
144618
439735
110948
283861
210732
130241
361480
185790
247952
275380
344613
325133
152165
277677
233811
407814
181894
1697
38993
278457
95088
236222
221437
315300
402795
95935
52360
360702
497768
495037
447084
246227
214298
228674
177323
415246
307065
291964
104524
104490
490526
81155
276212
27148
483494
352176
160197
241687
297554
9705
20464
344248
430071
492657
358267
297641
182670
460401
53520
304375
238104
43848
18473
427823
390379
460809
86271
247160
240184
333481
39919
276202
144304
391112
367582
83165
247930
217522
282873
386337
2665
499364
187430
215708
358297
377589
361567
348155
393449
402298
154995
200666
379908
82824
483654
350967
140349
368156
204408
251536
135432
470262
400532
212456
69629
140584
480823
474372
77253
300109
317744
407470
276649
326043
264666
453751
351398
410629
312192
416360
295926
163043
432084
110588
431580
383799
102016
78612
201926
22273
181621
430733
126865
26669
370220
91891
342721
196199
121943
55791
288611
486969
441055
197922
332527
207018
406791
1018
152485
448716
327427
192254
333586
335529
263030
313646
123444
43434
27802
451495
108870
216447
46680
237037
113922
426456
221548
168294
157846
195254
185453
493558
202960
117792
250288
393457
80787
270745
433477
205610
391336
433083
205857
438969
54420
50038
470716
497463
355298
404965
469340
222055
153195
44803
211773
431806
493277
235537
164591
341806
217102
146021
257006
470261
83554
236543
228192
253783
200682
213931
365994
91030
121524
26019
298928
431750
81020
230582
393878
315336
271939
300663
59153
147923
352218
141799
403619
210358
389645
10770
313058
103713
171363
323677
416521
9473
445175
18941
118156
138498
10800
258775
20944
397262
437580
398587
273720
134308
201637
238941
173994
411221
128386
437027
360462
440134
215762
106986
327334
97681
328275
492111
134124
103951
41939
300365
453551
186798
51286
476081
51005
14765
433704
135921
473809
365424
383859
234494
386308
234026
463736
32449
234882
75929
254823
442069
85721
302985
40487
462792
197399
256516
255074
281765
468472
387549
42818
266687
111654
258146
91498
467239
348988
112721
179991
61116
252780
167897
135235
484616
192999
160410
45806
25269
76812
127842
297647
214998
388879
415801
79521
94708
475440
405098
292660
491101
361280
320117
41915
355809
102776
306764
333149
309043
78664
402816
248027
354079
42321
422306
65655
181939
87391
447761
284793
298655
308377
63017
39907
157832
37555
297608
498876
384876
100872
205247
354577
233181
241039
341004
188966
77694
424858
300493
28224
57640
289735
91151
312954
305498
205703
42364
39779
7576
345678
180515
319023
14232
492361
134772
10537
382510
108533
260006
94817
270004
485782
275569
391944
239618
236413
249799
57353
326494
186837
419983
205887
450935
363334
285959
286992
136904
204037
79115
48849
455680
412322
180341
441358
187355
64199
406350
489095
402009
131846
448279
63296
331311
186307
216220
444851
397207
90326
266989
92306
382441
423925
85769
464708
174468
323287
144028
253772
84762
369572
50475
386311
137921
276766
280260
428584
235954
334581
278272
411666
230090
197167
103129
189587
166536
257876
153908
285955
386102
441336
121334
192395
121676
469376
229023
315716
238354
167943
94039
296415
269509
57581
403903
178421
294091
114673
386572
392201
367518
198709
176210
408274
288365
400090
76327
85017
226173
240675
213752
385682
62752
18324
419086
73908
101224
275002
70321
335695
178306
2829
55732
209084
213158
245426
50353
126343
165534
364999
354607
360848
458736
272089
145794
376575
146781
286469
16736
399460
303427
308544
383478
114082
214275
83761
212502
4556
488596
26045
176184
338641
287607
51521
367172
19240
255449
76366
448576
456049
14492
436179
369610
283195
493806
494115
9417
79934
394729
103052
308815
146787
50221
498269
483836
336853
253334
177179
306672
481654
315867
303855
188422
162291
75845
103302
277962
62208
136005
181849
97831
353250
72612
93450
217105
130427
30271
370113
347658
438511
73055
114673
51997
313882
337097
64638
20726
254057
360151
309385
470083
227093
30054
94757
423520
23718
435334
393269
444736
367637
452897
101385
329137
8878
112926
123306
224026
257416
472777
273752
61915
230770
53861
207133
125692
389739
364140
314733
136389
466378
205992
195384
116788
232897
225139
251037
217568
284983
187040
402796
175276
273820
101166
251824
346038
219400
250307
89048
105105
17546
157601
223523
497427
144230
195214
156251
400048
304677
12810
324171
184924
415023
419366
21404
149431
155115
199940
347243
38993
143632
496789
22222
302645
10289
343646
85044
267991
344549
458149
479379
83366
310323
247393
321156
481739
233945
50863
1144
303388
238008
230251
239744
33187
325206
189575
381914
172929
455435
311507
410599
122725
258187
132327
98474
284457
390460
256617
82566
156731
463086
495085
437708
299741
93541
99341
257663
162671
259490
78177
170907
346009
194572
180711
97646
265723
45748
101025
407778
429941
123641
396145
244893
176043
258224
381016
273398
491784
437358
423956
204787
432824
60090
253273
3338
255064
492063
221484
437873
487850
446670
87567
474503
208365
121582
93580
56599
145776
375153
315290
204800
113563
464341
244799
327212
125273
215580
472194
78799
15484
183902
399068
150992
481009
110203
126814
285429
163613
219377
157361
186416
388354
100989