187906
171289
235054
307620
136656
3167
233763
411033
166017
437882
95613
111872
378839
42073
266224
143104
463131
73560
456550
253958
1843
4614
352173
198432
204317
399672
73779
44113
332744
346245
101310
319395
285929
71980
270045
390250
214259
495369
86373
82874
386691
489469
167002
313445
308860
186390
173995
271100
270635
166628
101946
208999
161653
236392
394900
450904
35246
461437
106009
109576
122689
453286
295215
441157
195218
123478
165897
214815
227784
295298
90473
394012
460507
405460
392104
250005
302910
339053
175951
83000
280472
402070
333335
86308
111583
351980
281025
69271
210715
85427
336646
97104
241510
452188
231604
267951
186938
189085
376370
202507
22473
96507
192102
292146
149210
370300
251710
185984
83993
279667
63363
172354
243460
236822
79717
224709
199148
317423
50523
121500
146218
150745
75959
42081
392271
117452
366306
416524
309493
461089
451116
397333
430732
181310
333084
10584
275141
471661
196619
182258
488220
366146
158346
151803
436067
499014
76312
156524
236855
366564
297335
491681
78964
439778
45320
292151
119816
3255
103279
40066
281350
269324
458964
265885
249595
305709
149872
288318
28534
60591
129696
177899
202293
208098
95820
27731
185400
195017
282338
489262
150908
331449
54271
24845
251394
246779
134777
296503
39041
404097
495186
10821
13511
340673
294076
359098
269788
223336
419968
312891
313316
161987
396722
343510
389705
484960
97406
432518
327497
413329
421821
357386
115186
176714
33163
26858
98413
263135
114952
21740
64804
58576
347578
273382
250549
382882
14948
441989
484657
287555
497057
254667
263479
66390
495645
274758
148774
235906
49878
87604
30717
238798
338131
282875
100911
219609
186915
249654
297447
49119
9447
314128
117386
153768
222555
196704
191405
267648
365128
66693
237446
363982
264263
354289
16690
302455
381534
63906
277932
408183
196792
180508
398428
386925
139494
35317
143407
399968
147272
330611
344150
205998
272109
494804
304395
371946
175841
208899
208769
306647
277478
139022
422053
361678
389441
459084
64821
141898
395957
90462
331016
251146
112346
493838
436705
97914
217027
254896
391086
460152
266499
255581
23928
234494
343773
426954
440366
379154
390451
476940
333631
321933
340019
305260
223734
35843
40352
78226
303502
42600
306572
300400
54812
198160
261214
1826
292616
84168
407311
7091
384988
433155
198619
210612
272056
12795
359564
371306
44691
376295
40016
304476
306518
491388
97838
303177
192216
40648
299300
24460
242909
413257
204475
87516
482010
487124
61694
321487
105295
409152
470231
410313
21197
428092
349144
448102
358001
140486
319200
441053
231690
147088
464453
64543
140579
263283
8246
248142
225305
217431
494730
439832
184014
328405
167769
44353
26425
70992
286070
430488
259743
177963
122280
288118
450736
278680
18288
60389
245720
282546
338719
157895
277003
334745
67741
133100
105741
244171
87659
146338
77776
242296
209994
47109
377647
104249
449395
103055
214021
245785
351968
301615
298707
212409
359309
174769
478004
232571
343850
134744
380318
373640
478840
218973
289865
349512
285032
74733
180175
43344
401482
479665
464391
410990
280877
473383
318417
271656
114505
201562
277257
328330
71218
141206
133816
131700
92701
293056
454711
196041
479996
231774
314124
484499
38161
77182
262924
89694
31750
283238
478756
23341
355707
241639
218992
329565
310895
376900
49391
471168
342549
285675
335361
91058
112753
44615
140085
455613
132364
42734
430630
200220
204139
438869
120607
46935
210458
257126
496890
185759
147171
486557
335751
144461
121287
51558
46007
122785
212288
414096
238737
124547
80946
308020
456060
312277
22305
66751
375145
194012
481774
290432
305804
465349
187603
477564
38362
398718
267548
479982
185476
233810
200640
99994
363573
421049
453182
250755
236058
140710
358568
393710
231980
126334
447325
293926
402648
95383
497592
332405
393230
9075
366924
470847
143074
198612
370860
253644
44448
273518
85607
259668
158119
462160
408821
278955
389998
34185
285654
54291
461649
372107
480918
292192
14645
348612
120592
316915
88937
403223
492905
75702
138521
418538
374639
245702
473714
417449
180100
289959
497434
213703
471225
440107
325005
229359
389197
304835
461371
122523
344652
344551
273756
208644
38948
388205
163113
132554
203785
104343
271152
364092
270054
37419
368822
12211
408421
50120
280084
133398
290854
373657
412016
480052
394339
261725
102740
179800
93828
244020
310869
896
179188
8621
428657
4384
215113
267171
382829
320139
34236
71128
312448
262926
295248
78291
149865
390330
467454
71466
102046
13830
415074
329846
477657
222441
39083
14875
297316
277182
191490
62412
144733
39755
305181
492544
295506
313343
163761
461760
329945
228389
146245
58597
22018
417504
281660
258498
8619
309902
431068
263306
428739
192553
190097
283870
492739
93943
191923
152233
487029
340375
464027
256002
206983
354990
356114
217333
402302
202240
291836
40304
450555
202440
404522
109609
219460
474104
206009
215259
294835
69216
290125
473448
496980
461531
354715
282959
164174
412261
358842
110865
303964
120206
499659
418594
433003
250151
402800
378251
98370
327532
246788
459148
69013
242237
387617
302782
460166
416644
290140
459672
17026
38473
65323
214489
230732
439785
247809
316452
256222
138411
2595
143863
17919
110428
117604
201692
187146
304601
334835
18627
40879
349482
444129
98363
114139
306171
218554
94951
145356
12755
203038
383218
237469
401468
377545
269781
484104
352423
197511
461267
225523
354338
295997
65777
452177
22230
150487
351500
422407
339738
46399
191634
4275
46466
142574
348227
96092
123748
236666
375498
252225
321573
405266
248089
104544
147045
124673
467072
191756
197879
195447
134561
408264
372155
449845
109398
309358
101681
410347
130076
151936
369886
332622
21282
305683
123299
251450
42412
425243
478387
392592
493742
57341
310434
331491
344615
365316
301148
183544
192190
207995
309799
172796
427437
291125
193555
3514
198779
447294
69482
8540
235309
464065
83635
242435
303891
74619
129260
17409
275352
186161
250896
46146
163524
439647
155251
478420
488973
447650
165189
171857
34778
25080
270007
76219
443808
167451
408669
411380
360975
215698
185750
241775
257758
102619
158465
106835
63495
252765
144082
299133
43135
237675
133132
156427
488360
131317
138465
217029
435757
349063
458308
267471
472567
70248
310433
397159
296604
456270
464887
271316
107448
129268
450368
200722
252698
116120
165985
357149
246558
428185
239734
495186
276029
434246
157927
483936
436133
398705
358197
449587
246559
332711
149645
494136
249247
258732
344053
191823
144969
411948
408429
360835
260666
272113
34379
306484
277712
302395
190825
222543
47462
345761
7619
299179
211170
158148
242703
445380
283566
371579
473855
47974
144759
330866
386388
10014
325454
13312
125337
75935
26244
131624
377894
259685
42153
357596
110079
358347
369862
212893
194359
24547
234001
152533
339546
108640
373295